SNP	Homo1	Het	Homo2
chr1:11504	10	5	23
chr1:21775	0	1	44
chr1:32779	10	23	13
chr1:66361	0	36	10
chr1:66400	0	11	35
chr1:66414	0	10	36
chr1:191586	1	9	36
chr1:193460	1	11	34
chr1:193476	3	13	30
chr1:224830	0	1	44
chr1:224852	0	5	40
chr1:231244	0	13	33
chr1:231316	0	1	45
chr1:239618	0	2	44
chr1:363859	0	8	38
chr1:474892	7	26	13
chr1:489727	1	7	38
chr1:515810	0	8	38
chr1:515871	7	16	23
chr1:747945	1	16	29
chr1:798533	3	10	33
chr1:798570	2	21	23
chr1:798593	0	9	37
chr1:798651	0	15	31
chr1:798748	2	14	30
chr1:798759	3	11	32
chr1:875722	2	8	34
chr1:875731	5	9	30
chr1:888267	3	22	21
chr1:888276	2	8	36
chr1:888410	0	10	36
chr1:971784	1	8	37
chr1:998034	0	1	45
chr1:1066482	0	6	40
chr1:1066755	2	7	37
chr1:1088091	0	9	37
chr1:1088116	0	2	44
chr1:1088316	0	9	37
chr1:1088334	1	20	25
chr1:1113428	6	20	20
chr1:1113467	5	13	28
chr1:1113545	3	13	30
chr1:1113585	2	17	27
chr1:1114640	0	13	33
chr1:1114818	3	21	22
chr1:1230649	0	3	43
chr1:1230672	0	4	42
chr1:1230677	0	6	40
chr1:1230713	0	18	28
chr1:1230739	0	31	15
chr1:1230756	0	4	42
chr1:1230863	0	17	29
chr1:1230864	0	29	17
chr1:1230892	0	1	45
chr1:1230911	0	7	39
chr1:1230961	0	3	43
chr1:1317822	5	17	24
chr1:1413046	0	6	40
chr1:1503728	2	20	24
chr1:1526997	0	3	43
chr1:1527004	0	42	4
chr1:1527091	0	45	1
chr1:1527144	0	10	36
chr1:1527182	0	44	2
chr1:1549547	0	9	37
chr1:1549726	0	29	17
chr1:1549734	0	14	32
chr1:1549751	0	23	23
chr1:1660542	0	46	0
chr1:1660579	0	46	0
chr1:1660602	0	6	40
chr1:1660616	0	8	38
chr1:1660621	0	25	21
chr1:1660650	0	6	40
chr1:1660679	0	46	0
chr1:1660686	0	25	21
chr1:1664458	0	7	39
chr1:1809981	0	45	1
chr1:1810049	0	41	5
chr1:1810052	0	6	40
chr1:1923157	0	7	39
chr1:1923257	6	12	28
chr1:1923329	2	14	30
chr1:1923399	0	5	41
chr1:1924558	2	5	39
chr1:1924610	4	14	28
chr1:1924613	1	3	42
chr1:1924672	3	9	34
chr1:1926606	3	20	23
chr1:1958821	0	4	42
chr1:1959040	0	6	40
chr1:1981508	0	7	39
chr1:1981619	5	20	21
chr1:1981670	0	12	34
chr1:1981677	1	7	38
chr1:2034897	0	9	37
chr1:2034913	0	11	35
chr1:2040737	1	18	27
chr1:2040771	0	14	32
chr1:2040869	0	12	34
chr1:2040927	1	4	41
chr1:2049578	2	9	35
chr1:2049613	1	3	42
chr1:2049619	0	3	43
chr1:2051825	1	10	35
chr1:2051882	1	12	33
chr1:2053978	1	15	30
chr1:2054154	0	10	36
chr1:2054155	6	23	17
chr1:2054248	0	12	34
chr1:2054292	0	6	40
chr1:2054344	9	25	12
chr1:2070802	5	10	27
chr1:2071049	6	12	25
chr1:2089307	0	4	38
chr1:2089318	11	9	22
chr1:2089356	1	4	37
chr1:2090209	1	8	37
chr1:2191291	10	26	10
chr1:2191305	0	2	44
chr1:2195998	7	24	15
chr1:2196006	0	7	39
chr1:2196139	0	19	27
chr1:2196278	7	18	21
chr1:2281659	0	43	3
chr1:2281782	7	25	14
chr1:2285449	0	4	42
chr1:2285536	0	7	39
chr1:2285675	9	24	13
chr1:2285760	2	14	30
chr1:2304571	0	3	43
chr1:2304581	7	16	23
chr1:2304916	1	9	36
chr1:2427145	2	20	24
chr1:2427153	7	22	17
chr1:2427501	0	12	34
chr1:2506254	0	1	45
chr1:2506273	12	17	17
chr1:2507617	0	4	42
chr1:2507666	0	7	39
chr1:2507710	5	18	23
chr1:2507956	12	19	15
chr1:2629544	0	15	31
chr1:2629587	1	16	29
chr1:2629596	4	16	26
chr1:2629651	1	4	41
chr1:2629656	2	10	34
chr1:2629667	1	12	33
chr1:2629804	0	16	30
chr1:2629962	1	18	27
chr1:2640762	0	17	29
chr1:2647333	0	7	39
chr1:2647451	1	14	31
chr1:2647609	12	21	13
chr1:2647622	0	4	42
chr1:2647697	1	4	41
chr1:2649697	2	11	33
chr1:2649777	5	20	21
chr1:2649792	0	9	37
chr1:2655921	1	18	27
chr1:2656040	0	8	38
chr1:2656108	1	7	38
chr1:2656116	4	14	28
chr1:2656133	0	6	40
chr1:2656296	2	13	31
chr1:2662570	0	6	40
chr1:2662636	5	18	23
chr1:2662669	0	7	39
chr1:2662717	0	1	45
chr1:2662797	0	6	40
chr1:2664760	6	18	22
chr1:2664820	1	6	39
chr1:2664918	2	15	29
chr1:2664981	2	14	30
chr1:2665017	4	21	21
chr1:2698959	1	21	24
chr1:2699112	4	15	27
chr1:2706156	0	16	30
chr1:2706293	6	17	23
chr1:2706353	1	9	36
chr1:2706564	1	11	34
chr1:2714849	0	4	42
chr1:2714915	0	3	43
chr1:2714938	1	5	40
chr1:2714957	7	20	19
chr1:2715059	0	4	42
chr1:2715309	3	6	37
chr1:2724280	0	2	44
chr1:2724378	1	8	37
chr1:2724401	0	6	40
chr1:2724476	0	7	39
chr1:2734686	6	23	17
chr1:2734693	1	9	36
chr1:2734823	0	11	35
chr1:2735061	0	15	31
chr1:2735168	0	8	38
chr1:2746606	0	1	45
chr1:2746659	0	46	0
chr1:2746711	0	46	0
chr1:2746766	0	11	35
chr1:2746768	0	27	19
chr1:2746885	0	6	40
chr1:2746910	0	7	39
chr1:2746950	0	4	42
chr1:2747062	0	44	1
chr1:2753202	0	1	45
chr1:2842993	0	35	11
chr1:2843003	0	6	40
chr1:2843067	0	27	19
chr1:2843088	0	14	32
chr1:2843164	0	34	12
chr1:2843184	0	38	8
chr1:2843284	0	21	25
chr1:2843348	0	8	38
chr1:2843349	0	6	40
chr1:2843395	0	45	1
chr1:2843432	0	26	20
chr1:2843485	0	20	26
chr1:2843540	0	46	0
chr1:2843559	0	33	13
chr1:2843586	0	4	42
chr1:2843620	0	2	44
chr1:2873439	3	5	37
chr1:2885220	10	22	14
chr1:2969939	6	14	26
chr1:2969993	9	17	20
chr1:2983793	9	5	28
chr1:2983877	3	1	38
chr1:2983880	2	3	37
chr1:2983987	2	1	39
chr1:2984063	5	6	31
chr1:2984113	5	9	28
chr1:2999461	2	12	32
chr1:2999495	1	14	31
chr1:3016243	0	2	44
chr1:3016261	1	6	39
chr1:3016314	0	17	29
chr1:3016412	4	15	27
chr1:3016459	0	13	33
chr1:3018066	0	2	44
chr1:3018081	2	20	24
chr1:3018264	2	15	29
chr1:3018283	3	18	25
chr1:3124691	0	3	43
chr1:3124728	0	5	41
chr1:3124847	6	27	13
chr1:3164661	1	7	38
chr1:3164662	0	3	43
chr1:3164686	2	10	34
chr1:3164700	2	20	24
chr1:3164825	2	18	26
chr1:3165012	0	2	44
chr1:3165068	3	18	25
chr1:3269137	3	17	26
chr1:3292505	4	24	18
chr1:3292516	2	20	24
chr1:3292675	0	3	43
chr1:3292695	0	5	41
chr1:3306763	6	16	23
chr1:3306788	4	12	29
chr1:3306868	2	4	39
chr1:3306946	3	11	31
chr1:3306967	1	8	36
chr1:3306982	5	10	30
chr1:3338661	6	5	29
chr1:3338692	4	4	32
chr1:3338703	11	4	25
chr1:3438376	1	7	38
chr1:3438415	0	5	41
chr1:3438452	3	17	26
chr1:3438493	0	3	43
chr1:3438699	0	2	44
chr1:3438784	2	18	26
chr1:3438802	6	21	19
chr1:3513486	2	22	22
chr1:3514894	2	9	35
chr1:3565122	0	15	31
chr1:3565225	1	10	35
chr1:3565418	0	6	40
chr1:3609529	1	7	38
chr1:3609563	0	5	41
chr1:3609653	1	15	30
chr1:3609697	0	13	33
chr1:3674358	1	7	38
chr1:3674594	9	20	17
chr1:3676450	0	3	42
chr1:3676554	0	13	33
chr1:3676675	1	12	32
chr1:3846589	9	23	14
chr1:3846699	0	5	41
chr1:3846830	0	3	43
chr1:3846951	0	5	41
chr1:3848938	1	13	32
chr1:3848979	7	20	19
chr1:3849019	0	7	39
chr1:3849091	1	11	34
chr1:3849246	0	6	40
chr1:3853050	4	17	25
chr1:3853150	0	9	37
chr1:3853293	0	7	39
chr1:3853375	1	18	27
chr1:3853429	2	15	29
chr1:3896042	0	1	45
chr1:3896262	0	7	39
chr1:3898391	2	13	31
chr1:3898396	3	18	25
chr1:3898448	1	6	39
chr1:3898554	0	14	32
chr1:3898698	0	10	36
chr1:3926166	2	11	33
chr1:3926193	0	2	44
chr1:3926299	4	18	24
chr1:3926365	1	6	39
chr1:3926398	0	7	39
chr1:4055881	1	13	32
chr1:4055926	10	25	11
chr1:4103156	0	3	42
chr1:4103227	2	9	34
chr1:4115189	1	7	38
chr1:4115540	7	17	22
chr1:4127577	0	10	36
chr1:4127648	10	23	13
chr1:4127972	2	14	30
chr1:4127993	0	3	43
chr1:4157930	0	7	39
chr1:4157959	0	7	39
chr1:4158300	8	24	14
chr1:4158330	0	10	36
chr1:4188235	8	18	20
chr1:4188534	0	3	43
chr1:4188554	2	22	22
chr1:4188649	11	23	12
chr1:4218891	6	15	25
chr1:4218969	6	25	15
chr1:4219056	0	9	37
chr1:4239243	2	14	30
chr1:4239312	0	6	40
chr1:4262197	0	12	34
chr1:4262205	0	12	34
chr1:4262217	0	28	18
chr1:4262229	0	15	31
chr1:4262241	0	28	18
chr1:4306329	1	17	28
chr1:4306419	2	10	34
chr1:4306437	4	14	28
chr1:4306530	1	8	37
chr1:4306593	11	21	14
chr1:4306657	4	17	25
chr1:4353335	0	8	38
chr1:4353381	4	21	21
chr1:4353430	1	14	31
chr1:4353726	0	9	37
chr1:4359064	2	12	32
chr1:4359360	0	4	42
chr1:4359459	1	12	33
chr1:4359523	8	21	17
chr1:4359599	11	24	11
chr1:4377192	0	7	39
chr1:4377212	1	5	40
chr1:4377320	6	18	22
chr1:4377452	0	11	35
chr1:4377595	2	8	36
chr1:4377609	4	24	18
chr1:4408036	4	1	35
chr1:4462417	5	20	16
chr1:4462494	0	3	43
chr1:4497937	9	17	20
chr1:4497951	0	10	36
chr1:4498111	1	16	29
chr1:4498138	1	13	32
chr1:4528638	3	8	27
chr1:4528664	3	8	27
chr1:4531627	1	6	39
chr1:4542247	9	21	15
chr1:4542392	2	9	35
chr1:4613689	8	23	15
chr1:4613900	0	6	39
chr1:4613941	0	6	39
chr1:4613987	0	14	32
chr1:4614020	2	18	26
chr1:4642002	3	12	31
chr1:4642150	0	3	43
chr1:4642204	2	11	33
chr1:4642221	2	8	36
chr1:4642276	0	6	40
chr1:4642296	0	4	42
chr1:4642345	3	21	22
chr1:4724075	0	1	45
chr1:4725581	10	18	17
chr1:4725594	0	2	43
chr1:4725677	0	6	39
chr1:4731195	0	9	37
chr1:4731196	2	13	31
chr1:4731273	2	13	31
chr1:4731508	1	8	37
chr1:4731523	0	9	37
chr1:4750224	1	7	37
chr1:4750274	1	16	28
chr1:4750286	0	5	40
chr1:4750357	0	28	18
chr1:4750515	0	14	32
chr1:4750517	0	5	41
chr1:4783632	5	35	5
chr1:4783772	0	3	43
chr1:4783818	1	42	3
chr1:4783824	0	24	22
chr1:4783970	0	34	12
chr1:4783972	0	3	43
chr1:4783984	0	45	1
chr1:4784018	0	9	37
chr1:4804661	1	3	42
chr1:4804709	3	2	41
chr1:4805065	0	5	41
chr1:4805075	6	16	24
chr1:4805076	4	8	34
chr1:4826003	0	4	42
chr1:4826092	0	11	35
chr1:4826129	1	15	30
chr1:4917639	10	22	14
chr1:4917655	1	7	38
chr1:4924848	0	15	31
chr1:4924945	0	8	38
chr1:4950582	11	18	17
chr1:4950830	1	3	42
chr1:4950868	1	17	28
chr1:4964931	7	14	23
chr1:4965047	2	10	32
chr1:4977415	0	6	40
chr1:4980352	11	20	15
chr1:4980468	8	25	13
chr1:5033173	0	12	34
chr1:5033248	1	16	29
chr1:5033356	0	9	37
chr1:5033380	5	22	19
chr1:5033472	0	4	42
chr1:5113539	11	19	16
chr1:5113669	1	5	40
chr1:5115106	4	1	35
chr1:5126448	0	5	40
chr1:5126505	0	2	43
chr1:5126631	1	9	35
chr1:5126650	7	15	23
chr1:5152919	0	9	37
chr1:5153034	0	7	38
chr1:5153111	10	22	13
chr1:5157356	3	7	36
chr1:5166184	7	22	17
chr1:5166253	1	7	38
chr1:5166431	0	4	42
chr1:5169871	0	8	38
chr1:5169986	1	18	27
chr1:5170087	0	15	31
chr1:5170106	4	29	13
chr1:5170214	1	10	35
chr1:5174353	2	8	36
chr1:5174410	7	13	26
chr1:5174555	1	7	38
chr1:5204827	14	14	15
chr1:5204849	0	9	34
chr1:5204901	3	11	30
chr1:5204985	1	10	33
chr1:5214909	4	13	29
chr1:5215054	0	11	35
chr1:5215144	0	6	40
chr1:5231875	0	3	43
chr1:5232060	2	14	30
chr1:5232084	13	13	20
chr1:5232105	6	16	24
chr1:5349527	14	10	21
chr1:5349564	1	3	41
chr1:5380077	0	22	24
chr1:5572446	0	11	35
chr1:5572452	0	6	40
chr1:5572642	0	43	3
chr1:5572673	0	2	44
chr1:5572821	0	45	1
chr1:5572825	0	46	0
chr1:5572887	0	10	36
chr1:5574377	0	8	38
chr1:5574550	0	3	43
chr1:5578025	6	22	18
chr1:5578165	1	10	35
chr1:5583013	0	1	41
chr1:5643329	1	14	28
chr1:5649010	0	10	36
chr1:5703052	2	17	27
chr1:5703326	0	7	39
chr1:5724981	0	3	42
chr1:5725023	0	1	45
chr1:5725395	2	6	38
chr1:5806716	1	15	30
chr1:5806746	0	8	38
chr1:5806806	1	3	42
chr1:5806915	0	4	42
chr1:5807006	2	9	35
chr1:5838203	4	12	29
chr1:5838366	0	5	41
chr1:5838380	4	17	25
chr1:5838407	1	3	42
chr1:5838425	2	16	28
chr1:5838445	4	21	21
chr1:5838566	2	15	29
chr1:5851188	9	22	15
chr1:5899527	0	1	45
chr1:5899617	1	19	26
chr1:5899702	1	32	13
chr1:5899720	0	7	39
chr1:5899786	0	15	31
chr1:5899787	0	13	33
chr1:6031399	2	15	29
chr1:6031418	2	17	27
chr1:6031566	2	7	37
chr1:6031795	6	24	16
chr1:6086504	0	4	42
chr1:6086593	2	14	30
chr1:6086624	1	12	33
chr1:6086656	0	8	38
chr1:6086682	0	12	34
chr1:6086768	0	15	31
chr1:6086800	1	13	32
chr1:6100789	0	1	45
chr1:6100808	2	13	31
chr1:6100851	3	25	18
chr1:6100852	0	6	40
chr1:6100913	3	14	29
chr1:6100994	7	20	19
chr1:6101043	8	17	21
chr1:6101129	9	23	14
chr1:6159424	1	4	41
chr1:6159443	1	8	37
chr1:6159532	0	3	43
chr1:6159614	6	22	18
chr1:6159655	1	13	32
chr1:6199849	2	12	32
chr1:6199884	0	14	32
chr1:6199913	0	10	36
chr1:6200132	4	23	19
chr1:6229993	0	16	30
chr1:6230047	4	23	19
chr1:6230094	0	10	36
chr1:6230192	0	5	41
chr1:6230425	12	18	16
chr1:6264112	3	1	24
chr1:6264125	1	2	25
chr1:6264157	0	2	26
chr1:6264162	4	1	23
chr1:6264163	12	3	13
chr1:6305673	16	9	17
chr1:6305705	6	9	27
chr1:6373428	5	8	31
chr1:6378522	0	18	28
chr1:6378544	2	11	33
chr1:6378691	0	4	42
chr1:6378740	0	7	39
chr1:6378781	0	4	42
chr1:6411735	2	6	38
chr1:6411753	0	2	44
chr1:6411834	0	15	31
chr1:6412001	12	20	14
chr1:6412098	0	8	38
chr1:6412100	0	3	43
chr1:6479843	3	8	35
chr1:6479979	1	8	37
chr1:6480027	1	12	33
chr1:6480100	1	15	30
chr1:6480101	1	8	37
chr1:6489555	4	17	25
chr1:6489559	2	14	30
chr1:6489596	2	20	24
chr1:6489687	1	13	32
chr1:6489982	2	17	27
chr1:6612630	0	8	38
chr1:6612665	2	3	41
chr1:6612718	9	16	21
chr1:6612734	4	12	30
chr1:6612798	1	10	35
chr1:6612903	1	9	36
chr1:6641543	0	2	44
chr1:6642303	0	6	40
chr1:6717281	0	13	33
chr1:6717342	0	41	5
chr1:6717351	0	3	43
chr1:6717367	0	15	31
chr1:6727761	0	10	36
chr1:6727815	0	38	8
chr1:6727878	0	30	16
chr1:6728006	0	9	37
chr1:6866968	0	2	44
chr1:6867239	8	25	13
chr1:6867344	0	9	37
chr1:6985466	0	3	43
chr1:7069186	10	14	17
chr1:7069199	2	5	34
chr1:7069205	2	6	33
chr1:7077162	0	9	36
chr1:7077251	2	10	34
chr1:7077381	1	15	30
chr1:7077532	1	8	37
chr1:7077552	6	22	18
chr1:7170006	2	13	31
chr1:7170127	3	24	19
chr1:7171930	0	4	42
chr1:7172196	0	3	43
chr1:7172203	3	12	31
chr1:7188547	0	7	39
chr1:7188615	0	19	27
chr1:7188684	1	3	42
chr1:7360536	3	13	30
chr1:7360548	1	13	32
chr1:7360759	3	17	26
chr1:7360764	0	11	35
chr1:7377572	4	16	26
chr1:7377839	4	17	25
chr1:7400929	2	11	33
chr1:7401074	2	20	24
chr1:7416714	1	3	37
chr1:7416757	4	6	31
chr1:7416812	3	6	32
chr1:7416867	4	4	33
chr1:7451853	5	23	18
chr1:7467001	0	10	36
chr1:7467002	0	6	40
chr1:7467057	0	18	28
chr1:7467271	0	11	34
chr1:7469104	2	18	26
chr1:7469252	1	12	33
chr1:7489505	2	6	38
chr1:7489551	1	10	35
chr1:7504539	0	12	34
chr1:7533160	7	12	27
chr1:7560879	1	5	40
chr1:7560927	1	6	39
chr1:7616298	2	18	26
chr1:7616334	2	12	32
chr1:7616388	3	23	20
chr1:7616468	1	2	43
chr1:7616491	0	2	44
chr1:7616546	1	13	32
chr1:7626019	0	8	38
chr1:7626063	1	14	31
chr1:7626292	0	15	31
chr1:7626374	5	26	15
chr1:7635359	0	3	42
chr1:7635360	2	6	37
chr1:7635406	1	0	44
chr1:7635471	8	9	28
chr1:7678494	1	6	39
chr1:7678512	1	2	43
chr1:7678773	3	13	30
chr1:7678775	9	20	17
chr1:7698940	1	9	36
chr1:7699065	0	7	39
chr1:7699166	1	4	40
chr1:7707515	1	18	27
chr1:7718351	2	22	22
chr1:7718492	0	2	44
chr1:7718591	2	25	19
chr1:7722866	1	8	37
chr1:7723011	7	29	10
chr1:7723068	0	12	34
chr1:7723150	2	15	29
chr1:7723236	2	13	31
chr1:7746699	4	16	26
chr1:7746883	2	11	32
chr1:7816640	0	3	43
chr1:7816643	0	10	36
chr1:7816674	2	13	30
chr1:7816686	0	2	43
chr1:7816728	1	6	39
chr1:7816905	2	7	37
chr1:7816912	0	8	38
chr1:7887975	1	3	42
chr1:7888115	0	9	37
chr1:7888208	2	17	27
chr1:7888279	0	2	44
chr1:7888458	4	12	30
chr1:7984179	2	13	31
chr1:7984304	2	20	24
chr1:7984314	0	3	43
chr1:7984375	0	11	35
chr1:7984388	8	27	11
chr1:8054834	0	5	41
chr1:8054918	3	17	26
chr1:8101659	10	9	19
chr1:8101749	1	1	36
chr1:8101802	1	2	35
chr1:8101874	0	4	34
chr1:8136618	0	8	38
chr1:8136648	0	22	24
chr1:8179880	0	4	42
chr1:8180023	3	14	29
chr1:8180047	0	9	37
chr1:8180140	5	17	24
chr1:8202012	0	9	37
chr1:8202262	1	11	34
chr1:8202379	0	2	44
chr1:8202396	0	2	44
chr1:8208845	0	2	44
chr1:8208973	6	5	34
chr1:8218345	2	17	27
chr1:8218562	0	1	45
chr1:8220767	5	21	20
chr1:8220830	0	6	40
chr1:8220929	2	11	33
chr1:8220945	1	13	32
chr1:8220973	0	6	40
chr1:8221003	2	11	33
chr1:8221015	2	10	34
chr1:8261540	5	13	28
chr1:8261555	1	11	34
chr1:8261575	0	4	42
chr1:8261628	0	9	37
chr1:8261635	2	9	35
chr1:8261767	4	8	32
chr1:8275550	0	11	35
chr1:8275583	0	9	37
chr1:8275758	0	7	39
chr1:8275880	3	19	24
chr1:8286647	1	8	37
chr1:8286759	0	12	34
chr1:8286996	6	22	18
chr1:8287039	0	12	34
chr1:8323270	1	12	33
chr1:8324505	14	3	27
chr1:8375735	3	14	29
chr1:8375782	0	4	42
chr1:8375799	0	8	38
chr1:8375868	0	3	43
chr1:8418407	1	13	32
chr1:8418507	4	9	33
chr1:8418603	0	10	36
chr1:8418902	0	6	40
chr1:8418913	8	25	13
chr1:8418918	5	20	21
chr1:8641428	3	16	27
chr1:8641539	0	7	39
chr1:8641563	0	6	40
chr1:8641854	0	9	37
chr1:8657440	2	13	31
chr1:8657564	1	8	36
chr1:8662195	1	14	31
chr1:8687277	0	5	41
chr1:8687496	0	3	43
chr1:8687545	1	11	34
chr1:8693557	1	12	33
chr1:8693605	0	12	34
chr1:8693683	1	11	34
chr1:8693758	1	11	34
chr1:8702450	12	7	20
chr1:8702667	3	4	34
chr1:8844529	5	8	32
chr1:8844626	1	5	40
chr1:8844682	10	23	13
chr1:8844796	1	8	37
chr1:8856277	2	25	19
chr1:8856390	5	27	14
chr1:8875670	14	13	16
chr1:8889383	0	5	41
chr1:8889388	2	11	33
chr1:8889488	0	12	34
chr1:8889539	2	5	39
chr1:8889598	5	19	22
chr1:8918041	0	17	29
chr1:8918059	0	11	35
chr1:8918106	0	26	20
chr1:8918157	0	6	40
chr1:8918191	0	22	24
chr1:8918225	0	10	36
chr1:8937323	8	21	17
chr1:8937346	4	18	24
chr1:8937483	0	4	42
chr1:8961876	7	23	16
chr1:8962083	7	29	10
chr1:8962127	0	9	37
chr1:8974265	1	16	29
chr1:8974280	0	4	42
chr1:8974331	1	10	35
chr1:8974332	0	6	40
chr1:8974503	2	13	31
chr1:9000069	4	13	29
chr1:9000179	0	17	29
chr1:9000528	1	15	30
chr1:9015213	2	18	26
chr1:9052518	1	2	43
chr1:9182163	10	11	23
chr1:9182185	0	2	42
chr1:9182209	3	11	30
chr1:9249215	2	3	40
chr1:9253413	2	9	35
chr1:9253499	1	9	36
chr1:9253514	6	21	19
chr1:9253660	0	8	38
chr1:9253781	0	11	35
chr1:9336274	5	17	24
chr1:9360006	6	24	16
chr1:9360011	2	13	31
chr1:9360250	1	16	29
chr1:9376351	1	9	36
chr1:9376474	0	2	44
chr1:9376489	4	18	24
chr1:9410970	8	23	15
chr1:9411088	4	9	33
chr1:9411163	0	6	40
chr1:9446960	0	4	42
chr1:9446967	0	1	45
chr1:9447458	1	17	28
chr1:9447460	1	15	30
chr1:9447471	0	3	43
chr1:9453511	1	11	34
chr1:9453574	6	18	22
chr1:9453721	7	21	18
chr1:9453997	2	18	26
chr1:9515981	0	9	36
chr1:9516842	1	13	32
chr1:9516865	0	6	40
chr1:9516911	0	10	36
chr1:9516941	2	11	33
chr1:9587690	2	19	25
chr1:9587957	5	26	15
chr1:9605925	0	10	36
chr1:9605982	11	24	11
chr1:9606013	2	7	37
chr1:9606017	1	5	40
chr1:9689513	10	21	15
chr1:9689535	0	8	38
chr1:9689633	0	9	37
chr1:9689675	0	3	43
chr1:9689703	2	15	29
chr1:9778956	0	6	40
chr1:9778965	1	12	33
chr1:9779206	0	3	43
chr1:9784634	1	11	34
chr1:9784654	0	3	43
chr1:9784735	2	8	36
chr1:9784756	0	5	41
chr1:9788721	2	18	26
chr1:9788775	6	18	22
chr1:9788907	0	8	38
chr1:9788987	4	8	34
chr1:9793881	2	6	34
chr1:9838353	2	17	27
chr1:9838376	0	10	36
chr1:9838383	1	5	40
chr1:9838478	0	6	40
chr1:9984848	4	13	29
chr1:9984875	2	19	25
chr1:9984976	0	10	36
chr1:10027475	2	19	25
chr1:10027640	0	2	44
chr1:10027668	1	13	32
chr1:10033649	3	21	22
chr1:10033655	2	10	34
chr1:10033788	0	7	39
chr1:10033899	0	1	45
chr1:10033920	1	5	40
chr1:10147236	0	4	40
chr1:10147266	7	1	31
chr1:10147478	15	13	18
chr1:10199401	2	1	35
chr1:10334457	1	12	33
chr1:10334548	0	9	37
chr1:10334596	0	11	35
chr1:10348201	1	6	39
chr1:10348328	4	12	30
chr1:10348336	0	3	43
chr1:10348366	0	6	40
chr1:10348423	2	12	31
chr1:10462512	3	5	35
chr1:10462803	5	17	21
chr1:10473201	1	7	38
chr1:10473244	0	11	35
chr1:10473266	1	9	36
chr1:10473329	12	17	17
chr1:10501925	1	17	28
chr1:10501979	4	26	16
chr1:10502103	7	28	11
chr1:10559271	6	18	22
chr1:10559348	1	4	41
chr1:10559458	4	15	27
chr1:10570640	0	31	15
chr1:10570649	0	10	36
chr1:10570697	0	4	42
chr1:10570724	0	14	32
chr1:10570733	0	9	37
chr1:10570801	0	44	2
chr1:10570828	0	5	41
chr1:10570923	0	14	32
chr1:10570953	0	23	23
chr1:10620604	9	11	26
chr1:10620682	0	2	44
chr1:10620817	1	9	35
chr1:10650090	0	11	35
chr1:10650508	3	14	29
chr1:10708790	4	19	23
chr1:10708813	1	10	35
chr1:10708883	1	15	30
chr1:10714999	1	10	35
chr1:10715090	1	7	38
chr1:10721505	2	11	33
chr1:10721586	0	13	33
chr1:10721810	3	7	36
chr1:10721837	6	18	22
chr1:10721879	2	8	36
chr1:10737901	2	15	29
chr1:10738095	0	11	35
chr1:10754370	13	14	19
chr1:10778343	2	15	29
chr1:10778405	0	2	44
chr1:10778638	9	28	9
chr1:10785686	5	6	30
chr1:10807802	0	15	31
chr1:10807884	1	19	26
chr1:10830523	1	15	30
chr1:10830735	0	9	37
chr1:10868653	0	12	34
chr1:10923734	3	15	28
chr1:10923808	0	2	44
chr1:10923849	1	14	31
chr1:10923893	0	9	37
chr1:10937144	0	5	41
chr1:10937182	0	1	45
chr1:10937253	9	27	10
chr1:10937263	1	7	38
chr1:10942771	0	8	38
chr1:10942838	3	11	32
chr1:10942877	1	6	39
chr1:10943051	3	6	37
chr1:10943123	0	5	41
chr1:10960229	2	16	28
chr1:10980809	0	6	40
chr1:10981006	1	6	39
chr1:10987349	0	17	29
chr1:11073723	11	22	13
chr1:11192454	0	1	45
chr1:11192548	3	9	34
chr1:11192620	8	13	25
chr1:11192737	2	3	41
chr1:11196208	5	13	27
chr1:11212919	1	2	42
chr1:11213139	4	8	33
chr1:11268616	7	21	18
chr1:11268653	0	2	44
chr1:11268752	0	6	40
chr1:11268773	0	7	39
chr1:11321985	0	3	43
chr1:11322050	2	19	25
chr1:11322069	2	19	25
chr1:11322345	0	7	39
chr1:11469714	5	16	25
chr1:11469754	3	6	37
chr1:11469774	5	17	23
chr1:11469809	0	1	44
chr1:11469811	1	2	42
chr1:11541443	4	14	27
chr1:11541450	3	13	29
chr1:11541511	0	1	44
chr1:11548563	0	5	41
chr1:11548698	0	7	39
chr1:11548835	2	19	25
chr1:11594723	0	7	39
chr1:11594775	8	24	14
chr1:11594952	4	16	26
chr1:11617269	3	12	31
chr1:11617686	0	1	45
chr1:11731420	2	8	36
chr1:11731448	2	15	29
chr1:11731506	0	2	44
chr1:11731526	2	5	39
chr1:11731744	1	6	39
chr1:11737477	2	24	20
chr1:11737532	0	8	38
chr1:11737797	8	26	12
chr1:11789940	1	20	25
chr1:11789946	6	12	28
chr1:11789951	1	10	35
chr1:11790143	3	17	26
chr1:11793060	5	22	19
chr1:11793088	0	8	38
chr1:11793109	0	7	39
chr1:11793172	9	13	24
chr1:11793218	2	22	22
chr1:11793281	1	7	38
chr1:11793300	4	14	28
chr1:11827823	3	23	20
chr1:11828112	0	6	40
chr1:11828261	3	20	23
chr1:12010749	0	5	41
chr1:12010766	3	14	29
chr1:12010833	2	16	28
chr1:12010870	6	18	22
chr1:12011033	0	7	39
chr1:12011044	0	3	43
chr1:12184469	5	11	29
chr1:12184492	11	12	22
chr1:12212798	1	10	35
chr1:12212984	5	19	22
chr1:12213088	0	1	45
chr1:12213096	0	1	45
chr1:12213147	0	1	45
chr1:12213159	0	3	43
chr1:12253736	0	3	43
chr1:12253979	3	11	32
chr1:12275786	2	12	32
chr1:12304312	3	12	27
chr1:12304469	0	1	45
chr1:12304673	4	11	31
chr1:12304682	11	21	14
chr1:12331863	4	14	26
chr1:12331894	7	17	20
chr1:12368295	0	6	40
chr1:12368399	0	10	36
chr1:12368433	0	8	38
chr1:12368621	1	8	37
chr1:12368642	2	16	28
chr1:12395325	11	19	16
chr1:12395370	0	2	44
chr1:12400707	1	9	36
chr1:12400719	1	13	32
chr1:12400767	2	13	31
chr1:12400780	10	13	23
chr1:12400838	4	24	18
chr1:12401137	0	1	45
chr1:12407405	1	12	33
chr1:12407447	0	11	35
chr1:12407464	1	6	39
chr1:12407483	0	15	31
chr1:12417111	3	5	38
chr1:12417164	0	8	38
chr1:12417212	2	9	35
chr1:12417235	11	21	14
chr1:12500062	0	10	36
chr1:12500245	11	24	11
chr1:12500277	2	21	23
chr1:12500423	0	6	40
chr1:12500516	1	7	38
chr1:12526118	9	19	16
chr1:12526149	2	7	37
chr1:12526216	3	9	34
chr1:12528848	9	9	22
chr1:12528995	12	9	18
chr1:12529043	1	3	35
chr1:12535457	0	3	43
chr1:12535524	0	6	40
chr1:12535603	9	23	14
chr1:12535697	0	10	36
chr1:12535760	4	21	21
chr1:12535772	0	10	36
chr1:12535843	10	21	15
chr1:12604817	0	13	33
chr1:12604916	0	12	34
chr1:12605101	11	22	13
chr1:12609540	0	9	37
chr1:12609609	3	27	16
chr1:12609633	0	10	36
chr1:12609645	2	26	18
chr1:12623842	0	16	30
chr1:12623851	0	12	34
chr1:12631614	1	7	38
chr1:12631663	2	5	39
chr1:12631744	0	14	32
chr1:12634117	1	7	38
chr1:12641576	0	1	45
chr1:12641582	1	7	38
chr1:12641835	3	31	12
chr1:12678065	2	14	30
chr1:12678149	3	18	25
chr1:12678400	2	8	36
chr1:12683516	0	7	39
chr1:12689311	0	10	36
chr1:12689323	1	3	42
chr1:12689438	1	11	34
chr1:12694348	4	22	20
chr1:12694448	1	19	26
chr1:12694475	0	6	40
chr1:12703546	0	2	43
chr1:12703570	2	7	36
chr1:12716890	1	4	41
chr1:12716999	0	4	42
chr1:12717111	0	3	43
chr1:12763521	9	20	17
chr1:12769077	3	3	39
chr1:12769136	1	3	41
chr1:12780140	0	6	40
chr1:12780308	0	11	35
chr1:12780423	10	19	17
chr1:12780439	1	8	37
chr1:12797681	0	2	44
chr1:12797687	8	20	18
chr1:12797765	10	25	11
chr1:12837046	0	3	43
chr1:12837060	0	4	42
chr1:12837078	0	9	37
chr1:12837079	1	11	34
chr1:12837436	6	24	16
chr1:12837469	2	9	35
chr1:12837477	11	23	12
chr1:12865153	8	21	16
chr1:12866977	6	11	29
chr1:12867019	0	14	32
chr1:12867296	4	24	18
chr1:12874800	0	7	39
chr1:12874864	7	20	19
chr1:12924052	0	2	44
chr1:12924103	1	11	34
chr1:12924119	0	5	41
chr1:12924246	0	2	44
chr1:12924287	2	8	36
chr1:12924325	0	1	45
chr1:12936563	1	17	28
chr1:12936626	1	11	34
chr1:12936636	0	5	41
chr1:12960944	4	2	31
chr1:12960962	8	4	25
chr1:12961119	10	26	10
chr1:12978073	5	27	14
chr1:12978108	5	20	21
chr1:12978113	0	9	37
chr1:13001815	0	3	43
chr1:13001861	0	7	39
chr1:13002057	5	6	32
chr1:13016273	0	6	38
chr1:13016322	7	9	28
chr1:13047634	0	5	41
chr1:13047741	2	24	20
chr1:13047826	2	17	27
chr1:13047881	6	23	17
chr1:13048087	0	2	44
chr1:13085573	0	11	35
chr1:13085632	8	23	15
chr1:13085786	2	12	32
chr1:13085906	1	7	38
chr1:13085952	3	5	38
chr1:13115954	0	10	36
chr1:13116015	0	10	36
chr1:13116032	6	20	20
chr1:13116142	0	7	39
chr1:13116168	1	4	41
chr1:13189471	4	13	29
chr1:13189518	0	4	42
chr1:13189686	4	3	39
chr1:13196901	0	14	32
chr1:13196973	0	4	42
chr1:13197142	1	12	33
chr1:13212046	9	21	16
chr1:13212062	0	4	42
chr1:13212107	1	12	33
chr1:13212126	1	5	40
chr1:13223353	0	4	42
chr1:13223558	5	5	30
chr1:13238449	11	14	18
chr1:13240842	1	16	29
chr1:13240919	8	20	18
chr1:13240930	2	13	31
chr1:13241054	0	4	42
chr1:13241187	3	17	26
chr1:13241236	0	2	44
chr1:13241237	4	15	27
chr1:13433625	9	26	11
chr1:13433757	0	4	42
chr1:13433937	0	14	32
chr1:13434005	1	8	37
chr1:13470797	0	4	42
chr1:13470932	9	14	23
chr1:13476758	10	21	15
chr1:13476947	2	16	28
chr1:13507025	3	12	30
chr1:13507144	1	8	37
chr1:13507150	8	21	17
chr1:13507165	0	7	39
chr1:13507323	3	9	34
chr1:13559954	1	5	40
chr1:13560121	3	15	28
chr1:13585761	0	6	40
chr1:13585779	4	29	13
chr1:13633654	6	14	26
chr1:13633689	1	13	32
chr1:13633902	0	7	39
chr1:13633944	2	13	31
chr1:13634006	1	9	36
chr1:13696190	0	3	43
chr1:13696217	0	5	41
chr1:13696250	0	4	42
chr1:13696291	1	16	29
chr1:13696493	0	10	36
chr1:13696619	0	8	38
chr1:13736531	4	13	29
chr1:13736537	1	4	41
chr1:13736545	3	14	29
chr1:13736807	0	2	44
chr1:13736808	2	13	31
chr1:13758223	1	12	33
chr1:13758438	0	2	44
chr1:13758460	0	1	45
chr1:13758623	2	11	33
chr1:13758624	5	19	22
chr1:13881206	7	22	17
chr1:13881233	0	7	39
chr1:13883408	0	12	34
chr1:13883609	4	21	21
chr1:13883611	1	7	38
chr1:13883750	8	18	20
chr1:13954108	1	14	31
chr1:13954221	5	14	27
chr1:13954222	0	8	38
chr1:13962510	2	17	27
chr1:13962608	0	10	36
chr1:13962645	1	16	29
chr1:13962783	3	18	25
chr1:13965838	0	19	27
chr1:13965872	11	23	12
chr1:13966010	11	18	17
chr1:13966055	1	12	33
chr1:13966156	1	13	32
chr1:13976807	0	10	36
chr1:13976906	2	14	30
chr1:13976941	0	3	43
chr1:13976956	2	15	29
chr1:13976983	1	6	39
chr1:14025830	0	6	40
chr1:14025913	6	24	16
chr1:14026147	8	23	15
chr1:14026344	3	7	36
chr1:14026379	2	10	34
chr1:14026650	5	20	21
chr1:14026675	0	3	43
chr1:14080206	7	21	18
chr1:14080246	3	11	32
chr1:14080261	2	8	36
chr1:14080294	1	8	37
chr1:14093345	1	20	25
chr1:14124821	1	6	39
chr1:14124834	1	14	31
chr1:14125100	2	8	36
chr1:14125120	2	10	34
chr1:14130762	2	18	26
chr1:14130791	0	10	36
chr1:14130821	0	21	25
chr1:14130885	0	5	41
chr1:14131034	1	6	39
chr1:14182403	1	11	34
chr1:14182430	1	19	26
chr1:14182477	0	4	42
chr1:14182495	0	8	38
chr1:14182497	2	12	32
chr1:14182555	0	7	39
chr1:14182604	1	20	25
chr1:14213443	1	7	38
chr1:14213565	3	27	16
chr1:14268430	0	8	38
chr1:14268612	0	2	44
chr1:14268811	2	8	36
chr1:14268861	5	23	18
chr1:14268928	0	2	44
chr1:14297140	1	8	37
chr1:14297196	0	3	43
chr1:14297302	7	21	18
chr1:14297310	0	3	43
chr1:14297426	2	19	25
chr1:14344879	0	21	25
chr1:14345035	10	17	19
chr1:14345080	2	5	39
chr1:14345160	0	5	41
chr1:14345271	11	20	15
chr1:14356209	0	7	39
chr1:14356462	7	16	23
chr1:14356556	8	25	13
chr1:14448868	2	20	24
chr1:14449002	2	10	34
chr1:14466232	3	5	37
chr1:14466350	0	24	21
chr1:14503971	0	10	36
chr1:14504053	0	8	38
chr1:14504074	1	9	36
chr1:14504090	0	17	29
chr1:14504136	3	18	25
chr1:14504214	2	21	23
chr1:14531454	11	19	14
chr1:14531488	5	16	23
chr1:14531603	0	2	42
chr1:14531730	1	1	43
chr1:14695819	1	7	38
chr1:14695849	3	21	22
chr1:14695932	1	13	32
chr1:14696048	2	14	30
chr1:14711972	5	12	29
chr1:14712107	0	10	36
chr1:14712116	3	12	31
chr1:14712255	0	5	41
chr1:14712260	0	13	33
chr1:14755984	10	20	16
chr1:14756014	1	8	37
chr1:14891576	1	7	35
chr1:14894469	4	25	17
chr1:14894530	1	15	30
chr1:15060650	1	23	22
chr1:15060697	0	20	26
chr1:15060767	0	7	39
chr1:15060876	2	23	21
chr1:15060891	5	20	21
chr1:15122303	4	11	31
chr1:15122311	5	17	24
chr1:15122378	8	16	22
chr1:15122570	4	10	32
chr1:15122604	0	3	43
chr1:15133325	0	5	41
chr1:15133495	0	6	40
chr1:15133546	1	10	35
chr1:15133558	1	16	29
chr1:15133693	2	19	25
chr1:15137619	2	12	32
chr1:15137655	2	13	31
chr1:15137844	1	2	41
chr1:15147263	5	19	22
chr1:15147280	2	20	24
chr1:15180445	1	12	33
chr1:15180631	12	18	16
chr1:15180728	0	9	37
chr1:15208876	0	15	31
chr1:15209027	1	8	37
chr1:15209197	2	8	36
chr1:15209246	5	11	30
chr1:15235592	2	1	23
chr1:15235626	0	3	23
chr1:15235637	7	1	18
chr1:15240492	8	14	24
chr1:15240525	3	9	34
chr1:15241124	3	9	34
chr1:15241201	1	7	38
chr1:15321261	1	11	34
chr1:15321284	8	24	14
chr1:15321299	0	14	32
chr1:15321399	9	12	25
chr1:15321589	1	12	33
chr1:15386808	1	19	26
chr1:15386884	1	7	38
chr1:15387095	0	5	41
chr1:15387205	4	22	20
chr1:15387244	0	9	37
chr1:15399144	0	11	35
chr1:15399156	7	24	15
chr1:15399288	2	15	29
chr1:15399389	2	16	28
chr1:15404317	0	8	38
chr1:15404371	1	14	31
chr1:15404408	0	12	34
chr1:15404589	9	25	12
chr1:15455578	0	3	43
chr1:15455586	1	7	38
chr1:15455665	0	2	44
chr1:15455722	0	6	40
chr1:15455737	4	12	30
chr1:15457854	2	5	39
chr1:15457894	11	22	13
chr1:15457952	2	6	38
chr1:15487077	3	6	36
chr1:15500418	0	14	32
chr1:15500449	2	7	37
chr1:15500482	3	17	26
chr1:15500506	0	3	43
chr1:15530948	1	6	39
chr1:15531137	1	1	44
chr1:15531274	6	21	19
chr1:15588871	3	9	31
chr1:15588883	1	5	38
chr1:15588895	12	16	16
chr1:15588926	0	1	44
chr1:15589191	6	15	25
chr1:15590140	11	20	15
chr1:15590159	0	1	45
chr1:15590297	3	10	33
chr1:15675586	2	16	27
chr1:15675629	3	9	33
chr1:15675916	3	7	34
chr1:15676023	10	19	15
chr1:15748358	2	18	26
chr1:15768657	3	7	34
chr1:15773236	6	20	20
chr1:15773271	0	8	38
chr1:15773301	0	9	37
chr1:15791543	0	3	43
chr1:15791599	0	11	35
chr1:15791631	0	1	45
chr1:15791720	0	2	44
chr1:15791741	0	8	38
chr1:15791819	0	5	41
chr1:15791845	0	15	31
chr1:15799105	4	14	28
chr1:15799135	4	22	20
chr1:15799313	0	4	42
chr1:15823853	11	15	17
chr1:15823867	5	2	36
chr1:15923813	6	23	17
chr1:15930617	1	13	32
chr1:15930667	2	8	36
chr1:16006659	7	18	21
chr1:16088569	0	4	42
chr1:16088610	1	8	37
chr1:16093361	8	24	14
chr1:16126193	1	9	36
chr1:16126214	0	4	42
chr1:16126478	1	19	26
chr1:16269525	0	12	34
chr1:16270576	0	9	37
chr1:16270597	0	3	43
chr1:16270603	2	19	25
chr1:16291883	0	1	45
chr1:16344685	0	5	41
chr1:16345018	0	1	45
chr1:16357422	0	3	43
chr1:16357493	2	11	33
chr1:16357650	8	20	18
chr1:16447840	1	21	24
chr1:16447855	2	25	19
chr1:16448012	0	5	41
chr1:16448087	0	6	40
chr1:16448214	2	11	33
chr1:16448224	0	7	39
chr1:16458817	10	6	20
chr1:16458888	5	3	28
chr1:16538010	1	11	34
chr1:16538135	2	15	29
chr1:16538295	7	21	18
chr1:16556505	11	18	15
chr1:16556577	0	5	39
chr1:16556648	9	22	14
chr1:16556734	3	19	23
chr1:16572417	3	5	37
chr1:16634106	1	7	38
chr1:16634117	10	22	14
chr1:16634373	3	24	19
chr1:16667395	0	3	43
chr1:16667404	0	1	45
chr1:16667430	2	21	23
chr1:16667500	1	12	33
chr1:16667607	0	7	39
chr1:16682154	12	5	24
chr1:16682210	5	8	28
chr1:16688446	6	19	21
chr1:16721783	5	12	28
chr1:16721787	10	20	15
chr1:16721839	1	4	41
chr1:16745140	1	10	34
chr1:16745166	6	12	27
chr1:16745334	4	11	30
chr1:16768209	2	4	40
chr1:16768257	0	2	44
chr1:16768399	11	17	18
chr1:16768457	2	11	33
chr1:16768491	4	11	31
chr1:16799337	1	11	34
chr1:16799517	1	10	35
chr1:16799562	5	26	15
chr1:16799635	0	1	45
chr1:16808943	0	2	44
chr1:16809014	0	7	39
chr1:16818891	1	8	37
chr1:16819025	6	22	18
chr1:16819045	0	5	41
chr1:16819069	1	14	31
chr1:16819085	1	18	27
chr1:16819103	0	19	27
chr1:16819254	2	16	28
chr1:16821264	1	5	40
chr1:16821277	0	3	43
chr1:16821496	0	6	40
chr1:16821644	1	13	32
chr1:16856662	0	8	38
chr1:16856682	2	20	24
chr1:16856736	7	23	16
chr1:16856789	0	9	37
chr1:16857044	1	7	38
chr1:16867499	5	20	21
chr1:16867603	0	7	39
chr1:16867718	1	14	31
chr1:16867797	3	10	33
chr1:16867875	1	13	32
chr1:16877034	4	3	38
chr1:16877084	6	5	34
chr1:16877201	4	6	35
chr1:16877230	16	11	18
chr1:16915586	0	2	44
chr1:16915596	0	17	29
chr1:16915648	0	5	41
chr1:16915716	1	16	29
chr1:16915736	1	3	42
chr1:16915743	1	12	33
chr1:16915745	2	22	22
chr1:16915765	0	7	39
chr1:16927492	0	6	40
chr1:16927633	1	20	25
chr1:16927684	7	27	12
chr1:16927910	0	11	35
chr1:16947425	0	4	42
chr1:16947482	0	2	44
chr1:16947753	2	21	23
chr1:16973708	3	16	27
chr1:16973820	0	4	42
chr1:17052902	0	5	41
chr1:17052996	0	3	43
chr1:17053038	5	17	24
chr1:17053225	0	1	45
chr1:17053312	0	7	39
chr1:17084785	1	15	30
chr1:17084842	0	1	45
chr1:17084948	6	22	18
chr1:17084979	0	1	45
chr1:17085170	0	6	40
chr1:17133667	1	20	25
chr1:17133735	4	12	30
chr1:17133757	0	8	38
chr1:17133782	0	8	38
chr1:17133935	2	15	29
chr1:17183296	4	4	32
chr1:17183516	15	8	19
chr1:17211075	0	18	28
chr1:17211198	3	7	36
chr1:17211233	1	13	32
chr1:17211317	11	23	12
chr1:17221838	0	13	33
chr1:17222054	1	4	41
chr1:17222114	0	4	42
chr1:17286150	1	8	37
chr1:17287396	4	16	26
chr1:17287398	1	14	31
chr1:17287442	3	16	27
chr1:17296211	6	12	26
chr1:17296344	0	5	39
chr1:17296423	4	16	24
chr1:17296502	1	0	43
chr1:17344095	1	2	43
chr1:17344257	1	11	34
chr1:17349280	2	13	31
chr1:17349401	2	10	34
chr1:17349439	3	21	22
chr1:17386142	0	3	43
chr1:17386208	1	7	38
chr1:17404103	2	19	25
chr1:17404139	2	11	33
chr1:17404247	1	11	34
chr1:17404393	2	17	27
chr1:17404475	11	20	15
chr1:17499072	1	11	34
chr1:17499213	0	13	33
chr1:17499244	4	20	22
chr1:17499263	1	11	34
chr1:17593341	1	22	23
chr1:17593376	4	19	23
chr1:17593402	0	6	40
chr1:17593433	1	16	29
chr1:17593508	7	22	17
chr1:17593669	2	10	34
chr1:17593700	0	4	42
chr1:17652018	5	18	23
chr1:17652131	0	20	26
chr1:17652259	0	6	40
chr1:17702364	1	12	33
chr1:17702449	0	3	43
chr1:17702559	0	12	34
chr1:17702786	2	8	36
chr1:17733546	2	11	33
chr1:17733577	5	5	35
chr1:17743975	2	8	33
chr1:17744001	13	15	15
chr1:17746707	3	9	34
chr1:17746755	0	3	43
chr1:17746855	0	20	26
chr1:17746910	0	6	40
chr1:17783501	7	7	28
chr1:17820519	0	1	45
chr1:17820553	4	22	20
chr1:17820728	0	3	43
chr1:17820837	0	13	33
chr1:17820841	2	16	28
chr1:17820927	3	10	33
chr1:17840690	9	21	15
chr1:17840769	3	14	25
chr1:17840780	2	8	32
chr1:17840784	1	9	32
chr1:17840818	0	11	34
chr1:17840965	0	19	26
chr1:17893976	2	12	32
chr1:17893992	1	13	32
chr1:17894043	0	9	37
chr1:17894058	3	21	22
chr1:17894112	4	8	34
chr1:17901689	0	5	38
chr1:17901712	0	3	40
chr1:17950224	0	9	37
chr1:17950254	0	5	41
chr1:17950267	4	17	25
chr1:17950695	2	12	32
chr1:17950746	6	17	23
chr1:17959203	0	3	43
chr1:17959374	2	7	32
chr1:17959598	1	9	36
chr1:17959625	5	24	17
chr1:18021804	2	2	42
chr1:18022024	8	8	29
chr1:18060447	4	11	31
chr1:18060513	8	13	25
chr1:18060582	11	24	11
chr1:18060617	1	6	39
chr1:18103876	3	23	20
chr1:18103911	0	5	41
chr1:18122121	6	18	22
chr1:18122251	3	29	14
chr1:18122427	0	9	37
chr1:18166468	5	17	24
chr1:18166648	0	5	41
chr1:18166710	8	24	14
chr1:18166754	1	15	30
chr1:18180861	4	19	23
chr1:18253062	0	3	43
chr1:18253201	4	17	25
chr1:18253237	4	15	27
chr1:18419934	2	7	35
chr1:18420017	8	18	20
chr1:18420084	15	13	18
chr1:18474070	12	13	21
chr1:18474173	4	2	40
chr1:18489683	4	23	19
chr1:18489773	9	21	16
chr1:18489927	0	4	42
chr1:18545328	1	14	31
chr1:18545428	3	14	29
chr1:18545459	1	10	35
chr1:18545575	3	7	36
chr1:18585060	5	13	28
chr1:18614476	3	15	28
chr1:18697321	1	8	36
chr1:18697358	3	11	31
chr1:18697431	0	6	39
chr1:18697496	1	8	36
chr1:18699399	1	21	24
chr1:18699402	0	5	41
chr1:18699745	2	15	29
chr1:18840641	0	1	37
chr1:18880664	3	21	22
chr1:18891054	3	6	33
chr1:18891149	0	1	41
chr1:18891194	1	6	35
chr1:19068484	1	10	35
chr1:19091023	1	16	29
chr1:19091055	1	12	33
chr1:19091153	2	16	28
chr1:19091270	3	6	37
chr1:19091446	2	9	35
chr1:19113735	0	16	30
chr1:19199416	5	8	33
chr1:19199480	2	6	38
chr1:19199694	1	5	38
chr1:19234331	0	11	35
chr1:19234346	0	11	35
chr1:19234605	0	3	43
chr1:19234678	0	10	36
chr1:19323789	0	9	37
chr1:19323905	6	25	15
chr1:19324295	0	4	42
chr1:19331597	10	16	20
chr1:19331918	0	8	38
chr1:19368887	0	10	35
chr1:19368973	0	3	43
chr1:19369038	1	6	39
chr1:19369207	1	9	36
chr1:19369309	0	14	32
chr1:19392246	0	1	45
chr1:19392261	1	8	37
chr1:19392270	2	11	33
chr1:19392325	3	7	36
chr1:19464067	1	6	39
chr1:19464105	0	10	36
chr1:19464180	4	19	23
chr1:19464193	1	12	33
chr1:19464195	0	10	36
chr1:19464253	0	14	32
chr1:19489842	7	22	17
chr1:19490149	0	8	38
chr1:19490156	9	21	16
chr1:19524293	2	13	31
chr1:19524301	1	2	43
chr1:19524416	9	20	17
chr1:19524455	2	3	41
chr1:19524484	0	13	33
chr1:19524500	3	19	24
chr1:19524703	0	4	42
chr1:19524743	9	15	22
chr1:19549883	2	17	27
chr1:19549888	0	7	39
chr1:19550110	0	12	34
chr1:19550157	2	17	27
chr1:19550246	3	6	37
chr1:19550265	3	16	27
chr1:19550281	2	18	26
chr1:19550286	0	6	40
chr1:19550381	0	11	35
chr1:19563830	3	13	30
chr1:19563860	1	6	39
chr1:19640609	1	22	23
chr1:19640620	7	19	20
chr1:19640679	0	18	28
chr1:19640806	0	3	43
chr1:19646739	9	13	24
chr1:19646815	3	10	33
chr1:19646839	0	1	45
chr1:19646864	4	13	29
chr1:19646870	0	2	44
chr1:19651889	0	4	42
chr1:19651906	1	18	27
chr1:19678947	0	15	31
chr1:19679002	0	6	40
chr1:19679011	0	18	28
chr1:19679033	0	34	12
chr1:19679049	0	18	28
chr1:19679050	0	15	31
chr1:19679064	0	3	43
chr1:19679085	0	11	35
chr1:19679270	0	36	10
chr1:19679279	0	13	33
chr1:19679373	0	8	38
chr1:19679409	0	4	42
chr1:19679424	0	46	0
chr1:19679446	0	3	43
chr1:19679485	0	14	32
chr1:19679516	0	12	34
chr1:19679590	0	46	0
chr1:19679645	0	18	28
chr1:19679652	0	1	45
chr1:19795379	8	25	13
chr1:19795500	0	1	45
chr1:19816642	0	13	33
chr1:19816800	1	12	33
chr1:19816839	2	11	33
chr1:19816872	2	18	26
chr1:19848262	4	19	23
chr1:19848274	11	24	11
chr1:19871102	9	7	19
chr1:19878104	0	5	41
chr1:19878245	0	6	40
chr1:19933179	5	22	19
chr1:19962529	2	17	27
chr1:19962591	1	18	27
chr1:19962685	6	18	22
chr1:19962712	2	7	37
chr1:19964328	0	10	36
chr1:20073790	4	14	28
chr1:20073918	14	18	14
chr1:20074960	1	4	41
chr1:20074997	2	6	38
chr1:20075025	2	6	38
chr1:20075065	0	7	39
chr1:20075085	2	18	26
chr1:20090214	1	9	36
chr1:20090229	6	21	19
chr1:20090333	0	3	42
chr1:20090336	6	14	25
chr1:20090362	0	2	44
chr1:20209229	1	7	38
chr1:20209301	4	14	28
chr1:20209422	9	8	29
chr1:20209433	0	5	41
chr1:20259410	1	13	32
chr1:20259569	5	22	19
chr1:20284379	2	8	36
chr1:20284426	9	26	11
chr1:20284896	1	3	42
chr1:20284924	8	16	22
chr1:20299366	1	9	36
chr1:20299534	1	15	30
chr1:20299697	4	20	22
chr1:20393984	4	1	37
chr1:20393989	3	8	31
chr1:20394069	1	3	38
chr1:20394098	0	5	37
chr1:20415554	0	4	42
chr1:20415593	4	25	17
chr1:20415611	12	17	17
chr1:20457145	2	18	26
chr1:20457294	1	18	27
chr1:20457296	3	9	34
chr1:20457531	3	24	19
chr1:20483938	1	11	34
chr1:20484005	0	12	34
chr1:20484084	4	18	24
chr1:20491401	0	8	38
chr1:20491436	1	15	30
chr1:20515327	5	21	20
chr1:20516505	1	15	30
chr1:20563440	0	4	42
chr1:20563507	10	25	11
chr1:20563518	0	5	41
chr1:20622262	1	3	42
chr1:20622549	2	9	34
chr1:20622563	0	3	42
chr1:20675654	0	8	38
chr1:20675765	4	12	30
chr1:20675857	1	5	40
chr1:20675864	2	14	30
chr1:20675884	1	11	34
chr1:20732791	0	4	42
chr1:20732841	3	14	29
chr1:20732843	0	8	38
chr1:20732863	0	14	32
chr1:20732925	4	25	17
chr1:20738238	1	15	30
chr1:20738256	6	17	23
chr1:20738274	0	3	43
chr1:20738352	9	23	14
chr1:20744392	1	20	25
chr1:20744433	1	15	30
chr1:20759303	7	9	30
chr1:20783165	0	5	41
chr1:20783177	1	10	35
chr1:20783287	3	12	31
chr1:20783291	2	17	27
chr1:20783366	0	12	34
chr1:20808273	1	7	38
chr1:20808282	0	2	44
chr1:20808336	4	18	24
chr1:20837807	13	15	14
chr1:20859678	0	3	43
chr1:20911914	1	9	36
chr1:20911936	0	5	41
chr1:20912148	2	14	30
chr1:20944349	2	21	23
chr1:20944474	1	12	33
chr1:20964500	0	18	28
chr1:20964510	0	8	38
chr1:20964636	5	17	24
chr1:20964797	1	25	20
chr1:20964799	0	11	35
chr1:21194798	0	2	44
chr1:21194898	0	6	40
chr1:21194948	9	24	13
chr1:21194991	2	16	28
chr1:21207892	2	9	35
chr1:21207970	6	22	18
chr1:21227771	5	26	15
chr1:21227787	5	26	15
chr1:21227841	0	5	41
chr1:21227947	0	4	42
chr1:21227958	0	9	37
chr1:21227966	0	12	34
chr1:21287107	7	21	18
chr1:21287237	0	7	39
chr1:21287249	6	14	26
chr1:21301365	1	13	32
chr1:21301417	1	12	33
chr1:21301520	2	17	27
chr1:21301596	8	24	14
chr1:21311307	0	5	41
chr1:21311670	1	7	38
chr1:21311685	0	3	43
chr1:21319221	0	13	33
chr1:21319321	11	16	19
chr1:21319326	0	15	31
chr1:21319421	8	19	19
chr1:21324020	6	24	16
chr1:21324116	0	6	40
chr1:21361315	5	23	18
chr1:21361361	0	7	39
chr1:21361540	0	6	40
chr1:21361599	0	11	35
chr1:21361655	2	7	37
chr1:21361656	0	2	44
chr1:21375157	2	6	38
chr1:21375181	7	21	18
chr1:21375437	0	1	45
chr1:21375547	1	13	32
chr1:21375548	11	19	16
chr1:21383755	0	3	43
chr1:21383835	7	20	19
chr1:21383911	0	8	38
chr1:21525337	0	3	38
chr1:21525343	0	3	38
chr1:21525381	3	10	28
chr1:21527664	9	14	23
chr1:21643241	2	12	32
chr1:21643263	0	15	31
chr1:21643270	5	19	22
chr1:21643391	0	6	40
chr1:21643464	7	24	15
chr1:21650600	1	12	32
chr1:21650614	1	2	42
chr1:21650675	3	15	27
chr1:21685282	1	13	32
chr1:21685337	1	15	30
chr1:21685399	1	18	27
chr1:21717679	3	15	28
chr1:21718044	0	11	35
chr1:21804408	3	2	41
chr1:21804419	1	24	21
chr1:21804606	0	22	24
chr1:21812146	0	11	35
chr1:21812147	3	34	9
chr1:21812233	8	28	10
chr1:21812347	2	13	31
chr1:21897143	13	16	16
chr1:21897156	1	6	38
chr1:21921946	9	22	15
chr1:21922175	0	12	34
chr1:21930435	4	19	23
chr1:21935895	0	7	38
chr1:21935971	0	6	40
chr1:21936031	3	18	25
chr1:22051085	4	21	21
chr1:22051288	7	23	16
chr1:22051315	10	26	10
chr1:22051343	0	2	44
chr1:22086032	2	14	30
chr1:22086151	0	12	34
chr1:22086210	1	3	42
chr1:22107074	0	6	40
chr1:22107135	0	9	37
chr1:22107247	0	3	43
chr1:22107301	0	6	40
chr1:22107357	0	4	42
chr1:22172657	2	9	35
chr1:22172748	0	12	34
chr1:22172801	0	7	39
chr1:22172867	8	18	20
chr1:22173000	1	9	36
chr1:22177056	2	4	40
chr1:22177261	1	7	38
chr1:22214383	2	6	38
chr1:22214475	0	1	45
chr1:22214509	0	12	34
chr1:22214555	0	11	35
chr1:22214605	1	12	33
chr1:22244293	0	2	44
chr1:22244375	11	17	18
chr1:22244426	0	6	40
chr1:22244579	3	15	28
chr1:22244607	4	18	24
chr1:22250966	0	2	44
chr1:22250973	0	5	41
chr1:22251080	0	9	37
chr1:22251194	4	18	24
chr1:22251268	1	6	39
chr1:22312190	7	27	12
chr1:22312553	1	15	30
chr1:22312568	1	9	36
chr1:22312616	1	16	29
chr1:22312637	1	10	35
chr1:22312679	1	11	34
chr1:22350470	1	9	36
chr1:22350571	1	8	37
chr1:22355400	5	22	19
chr1:22355426	0	12	34
chr1:22371648	1	8	37
chr1:22371710	10	19	17
chr1:22371771	0	1	45
chr1:22371803	0	9	37
chr1:22371923	0	3	43
chr1:22388666	5	21	20
chr1:22388843	1	15	30
chr1:22388902	1	9	36
chr1:22388949	1	5	40
chr1:22389081	0	13	33
chr1:22458456	2	9	35
chr1:22458690	1	16	29
chr1:22458711	7	24	15
chr1:22458829	0	8	38
chr1:22484776	7	25	14
chr1:22484782	1	5	40
chr1:22484967	1	6	39
chr1:22485022	2	13	31
chr1:22501304	0	5	41
chr1:22501363	2	13	31
chr1:22501513	0	12	34
chr1:22501565	5	15	26
chr1:22537740	1	6	38
chr1:22537752	6	13	25
chr1:22537815	1	4	39
chr1:22537877	3	10	31
chr1:22562354	8	14	24
chr1:22562358	0	7	39
chr1:22562365	0	3	43
chr1:22562500	1	9	36
chr1:22628491	11	17	18
chr1:22628541	0	15	31
chr1:22628704	2	8	36
chr1:22628725	1	10	35
chr1:22691670	3	8	33
chr1:22691727	4	7	33
chr1:22691737	2	2	40
chr1:22708562	7	16	23
chr1:22726056	12	11	23
chr1:22734289	1	4	40
chr1:22734330	2	1	42
chr1:22734352	12	10	23
chr1:22758446	1	3	42
chr1:22758615	0	6	40
chr1:22758676	1	10	35
chr1:22758801	6	19	21
chr1:22795540	0	4	40
chr1:22795611	6	17	21
chr1:22812054	4	17	25
chr1:22812312	0	6	40
chr1:22812328	2	14	30
chr1:22812329	1	22	23
chr1:22893505	1	8	37
chr1:22907589	0	1	45
chr1:22907660	0	9	37
chr1:22907878	7	21	18
chr1:22962317	2	20	24
chr1:22962471	1	6	39
chr1:22982578	0	3	43
chr1:22982600	0	9	37
chr1:22982756	0	4	42
chr1:22982791	0	3	43
chr1:22982840	0	12	34
chr1:22982859	2	21	23
chr1:22982877	1	17	28
chr1:23122958	1	7	38
chr1:23123061	0	8	38
chr1:23140093	5	14	27
chr1:23140108	0	2	44
chr1:23140366	8	22	16
chr1:23140508	1	15	30
chr1:23140540	7	18	21
chr1:23183959	0	9	37
chr1:23184005	13	14	19
chr1:23184187	2	12	32
chr1:23184373	1	7	38
chr1:23184387	0	2	44
chr1:23275787	4	20	22
chr1:23275929	7	16	22
chr1:23275954	1	7	37
chr1:23311289	4	11	31
chr1:23311482	4	19	23
chr1:23311573	3	14	29
chr1:23396950	8	5	24
chr1:23396958	1	2	34
chr1:23418898	0	13	33
chr1:23418903	0	9	37
chr1:23421290	11	23	12
chr1:23421487	1	15	30
chr1:23421530	1	15	30
chr1:23421620	5	27	14
chr1:23477898	0	2	44
chr1:23477921	3	19	24
chr1:23512491	0	10	36
chr1:23512653	7	22	17
chr1:23512708	0	4	41
chr1:23552525	4	25	17
chr1:23552588	6	20	20
chr1:23587806	10	20	16
chr1:23587890	1	9	36
chr1:23588065	4	17	25
chr1:23588067	0	5	41
chr1:23675660	0	9	37
chr1:23675679	1	7	38
chr1:23675785	1	10	35
chr1:23675913	1	9	36
chr1:23699014	6	10	25
chr1:23699111	0	1	41
chr1:23699335	5	7	31
chr1:23699336	3	6	34
chr1:23721987	1	14	31
chr1:23722230	2	17	27
chr1:23722244	10	21	15
chr1:23746631	6	13	27
chr1:23746671	5	10	26
chr1:23746715	1	11	34
chr1:23746782	0	12	34
chr1:23816879	8	17	21
chr1:23817005	4	24	18
chr1:23821025	1	9	36
chr1:23821046	0	8	38
chr1:23821130	0	6	40
chr1:23821235	1	13	32
chr1:23821307	3	15	28
chr1:23846051	2	9	33
chr1:23846074	0	7	37
chr1:23846091	13	14	17
chr1:23888548	6	11	29
chr1:23888715	2	15	29
chr1:23888754	7	28	11
chr1:23996375	0	7	39
chr1:23996396	0	4	42
chr1:23996535	0	3	43
chr1:23996659	0	19	27
chr1:23996711	0	8	38
chr1:23996729	0	9	37
chr1:23996743	1	7	38
chr1:24015395	1	14	30
chr1:24018352	2	15	29
chr1:24076952	0	8	38
chr1:24076956	2	11	33
chr1:24077022	14	17	15
chr1:24120414	6	15	25
chr1:24120504	4	8	34
chr1:24120587	5	11	30
chr1:24121431	1	7	38
chr1:24175964	11	15	20
chr1:24176103	1	6	39
chr1:24176169	0	14	32
chr1:24176170	1	8	37
chr1:24176235	5	22	19
chr1:24212542	0	5	41
chr1:24212670	0	3	43
chr1:24212710	11	22	13
chr1:24212981	0	3	43
chr1:24213013	0	9	37
chr1:24229376	0	9	37
chr1:24229377	1	12	33
chr1:24229419	3	16	27
chr1:24229452	2	10	34
chr1:24229699	0	7	39
chr1:24265339	0	10	36
chr1:24265376	7	20	19
chr1:24265444	2	9	35
chr1:24308503	1	8	37
chr1:24308513	0	12	34
chr1:24308608	1	4	41
chr1:24313327	10	20	16
chr1:24313547	0	7	39
chr1:24313573	1	7	38
chr1:24313596	2	5	39
chr1:24313662	1	6	39
chr1:24313681	0	4	42
chr1:24334307	2	13	31
chr1:24334498	1	9	36
chr1:24334564	3	17	26
chr1:24412807	10	20	16
chr1:24412821	1	14	31
chr1:24412860	0	2	44
chr1:24412913	2	11	33
chr1:24413056	7	17	19
chr1:24413073	0	10	36
chr1:24504049	1	15	30
chr1:24504097	0	2	44
chr1:24504181	7	25	14
chr1:24504187	0	9	37
chr1:24504228	0	5	41
chr1:24518823	1	13	32
chr1:24518844	0	1	45
chr1:24518947	1	21	24
chr1:24580195	3	22	21
chr1:24580210	0	8	38
chr1:24580270	9	23	14
chr1:24580367	0	15	31
chr1:24580659	0	12	34
chr1:24630116	0	9	37
chr1:24630386	0	6	40
chr1:24649461	0	7	38
chr1:24649614	2	10	33
chr1:24662295	0	7	39
chr1:24662302	8	16	22
chr1:24662334	8	24	14
chr1:24662648	0	7	39
chr1:24662651	0	8	38
chr1:24686666	1	5	33
chr1:24686681	2	13	24
chr1:24686750	2	4	33
chr1:24701608	10	20	15
chr1:24701616	0	5	40
chr1:24757810	3	6	36
chr1:24757847	1	4	40
chr1:24757901	2	6	37
chr1:24757967	8	12	25
chr1:24759422	4	16	26
chr1:24759431	2	13	31
chr1:24759561	0	5	41
chr1:24765443	1	8	37
chr1:24765595	1	11	34
chr1:24765689	1	11	34
chr1:24765716	0	3	43
chr1:24784878	2	4	40
chr1:24784952	0	5	41
chr1:24785109	2	11	33
chr1:24789894	2	2	42
chr1:24789952	0	5	41
chr1:24790030	0	7	39
chr1:24790051	0	2	44
chr1:24790162	2	7	37
chr1:24790198	0	15	31
chr1:24809094	0	10	36
chr1:24809106	2	14	30
chr1:24809237	2	9	35
chr1:24809332	0	5	41
chr1:24809374	0	7	39
chr1:24809438	3	7	33
chr1:24809525	0	5	41
chr1:24907269	1	12	32
chr1:24907425	1	3	42
chr1:24907452	2	11	33
chr1:24907549	4	10	32
chr1:24907552	2	14	30
chr1:24960862	0	12	34
chr1:24961058	1	10	35
chr1:24961079	4	18	24
chr1:24971900	11	14	21
chr1:24972010	0	7	39
chr1:24972024	0	4	42
chr1:24972096	0	5	41
chr1:24974974	3	16	27
chr1:24975017	1	6	39
chr1:24975100	1	10	35
chr1:24975171	9	26	11
chr1:24975205	1	9	36
chr1:25000358	0	10	36
chr1:25000386	3	5	38
chr1:25000608	0	3	43
chr1:25000641	0	13	33
chr1:25000744	0	8	38
chr1:25000765	0	7	39
chr1:25008678	1	9	36
chr1:25008863	0	7	39
chr1:25008875	1	8	37
chr1:25008878	2	12	32
chr1:25013112	2	18	26
chr1:25013271	8	23	15
chr1:25114078	5	14	23
chr1:25114268	13	10	19
chr1:25114319	3	7	32
chr1:25148791	0	17	29
chr1:25148796	0	7	39
chr1:25149002	13	18	15
chr1:25149021	0	7	39
chr1:25149037	2	7	37
chr1:25188927	4	16	26
chr1:25189075	0	5	41
chr1:25189212	4	19	23
chr1:25189238	1	4	41
chr1:25189241	0	7	39
chr1:25243125	14	17	14
chr1:25243266	2	1	43
chr1:25243314	7	11	28
chr1:25361519	0	4	42
chr1:25361555	1	10	35
chr1:25361773	3	27	16
chr1:25361809	0	4	42
chr1:25397559	6	27	13
chr1:25397816	0	9	37
chr1:25398014	2	19	25
chr1:25436439	1	10	35
chr1:25457395	0	6	40
chr1:25457462	0	10	36
chr1:25457573	0	7	38
chr1:25457596	0	2	43
chr1:25531265	3	13	30
chr1:25531352	6	23	17
chr1:25531415	9	27	10
chr1:25531573	0	11	35
chr1:25531584	4	11	31
chr1:25532120	0	8	38
chr1:25532254	0	8	38
chr1:25532269	6	25	15
chr1:25729148	0	2	44
chr1:25729207	2	17	27
chr1:25729306	0	7	39
chr1:25729504	0	5	41
chr1:25729601	1	24	21
chr1:25873388	8	14	20
chr1:25873465	1	5	36
chr1:25873492	5	8	29
chr1:25887863	1	7	36
chr1:25887993	3	8	33
chr1:25907346	3	24	19
chr1:25907355	0	8	38
chr1:25907395	0	6	40
chr1:25907525	0	11	35
chr1:25907555	0	9	37
chr1:25907672	0	4	42
chr1:25912034	2	5	38
chr1:25912041	1	3	41
chr1:25912247	3	11	31
chr1:25936282	3	20	23
chr1:25936361	0	5	41
chr1:25936363	0	6	40
chr1:25936369	1	11	34
chr1:25936451	11	22	13
chr1:25936555	0	6	40
chr1:26118690	3	15	28
chr1:26118739	7	13	26
chr1:26118862	0	9	37
chr1:26132238	3	13	30
chr1:26132243	3	12	31
chr1:26132301	4	15	27
chr1:26268286	3	22	21
chr1:26268309	10	25	11
chr1:26268333	0	4	42
chr1:26268340	0	5	41
chr1:26268491	0	12	34
chr1:26309741	1	6	39
chr1:26309785	1	1	44
chr1:26309825	7	19	20
chr1:26309881	0	1	45
chr1:26309884	2	21	23
chr1:26366981	0	13	33
chr1:26367215	0	15	31
chr1:26367257	9	27	10
chr1:26367382	1	16	29
chr1:26455843	0	6	40
chr1:26455847	2	15	29
chr1:26455930	1	13	32
chr1:26456048	3	15	28
chr1:26456204	0	15	31
chr1:26456205	0	12	34
chr1:26456219	2	20	24
chr1:26461848	0	9	37
chr1:26461929	0	10	36
chr1:26466313	1	1	44
chr1:26466408	1	14	30
chr1:26466467	9	24	13
chr1:26466611	0	4	42
chr1:26466710	0	6	40
chr1:26474786	4	18	24
chr1:26474810	3	12	31
chr1:26519262	1	6	39
chr1:26519624	0	3	42
chr1:26519776	1	3	42
chr1:26519854	2	13	31
chr1:26531555	1	9	36
chr1:26531574	4	14	28
chr1:26531768	1	12	33
chr1:26550430	7	23	16
chr1:26550460	0	13	33
chr1:26550555	0	11	35
chr1:26627337	5	26	15
chr1:26627427	1	16	29
chr1:26627492	1	7	38
chr1:26627519	1	8	37
chr1:26693386	9	18	19
chr1:26709520	3	6	35
chr1:26709872	4	21	21
chr1:26730851	1	13	31
chr1:26730880	1	3	41
chr1:26779163	0	6	40
chr1:26779286	11	20	15
chr1:26779294	2	5	39
chr1:26892619	0	3	43
chr1:26892627	4	19	23
chr1:26892629	1	20	25
chr1:26892676	0	2	44
chr1:26913961	0	11	35
chr1:26913991	0	14	32
chr1:26914251	0	5	41
chr1:26914304	1	8	37
chr1:26914342	3	18	25
chr1:26936516	0	11	33
chr1:26936670	4	4	37
chr1:26936752	4	8	33
chr1:27256282	0	7	39
chr1:27256333	2	7	37
chr1:27256363	0	8	38
chr1:27256608	1	3	42
chr1:27256702	12	18	16
chr1:27336994	1	7	38
chr1:27470511	3	15	28
chr1:27470581	0	3	43
chr1:27470959	0	3	43
chr1:27533731	1	22	23
chr1:27533956	0	8	38
chr1:27533964	4	10	32
chr1:27810284	0	2	44
chr1:27810385	7	23	16
chr1:27810437	2	16	28
chr1:27810641	0	3	43
chr1:27841940	9	18	17
chr1:27842001	1	11	32
chr1:27842150	1	1	43
chr1:27847671	0	3	43
chr1:27847680	3	17	26
chr1:27847813	2	18	26
chr1:27847848	0	9	37
chr1:27847979	0	7	39
chr1:27851843	4	24	18
chr1:27851988	0	5	41
chr1:27852056	1	14	31
chr1:27866647	4	8	30
chr1:27869708	0	4	42
chr1:27869930	0	10	36
chr1:27869936	1	13	32
chr1:27883809	2	21	23
chr1:27883814	1	12	33
chr1:27883846	2	17	27
chr1:27904395	15	15	16
chr1:27904435	0	5	41
chr1:27992173	1	11	34
chr1:27992197	1	9	36
chr1:27992211	6	15	25
chr1:28021043	0	4	41
chr1:28021119	1	11	33
chr1:28021153	1	14	31
chr1:28021245	4	16	26
chr1:28066395	13	19	14
chr1:28095399	5	15	24
chr1:28113535	0	7	39
chr1:28113572	0	2	44
chr1:28113634	4	11	31
chr1:28113789	2	7	37
chr1:28113884	2	11	33
chr1:28113885	1	3	42
chr1:28254909	8	20	18
chr1:28254967	0	5	41
chr1:28457542	1	1	43
chr1:28457610	13	18	14
chr1:28457649	4	16	25
chr1:28506734	1	11	34
chr1:28506972	15	14	17
chr1:28507079	0	3	43
chr1:28507171	1	11	34
chr1:28531853	9	19	18
chr1:28541159	0	16	30
chr1:28541395	0	7	39
chr1:28541490	0	16	30
chr1:28541510	1	12	33
chr1:28571608	1	7	38
chr1:28571671	0	11	35
chr1:28571776	0	6	40
chr1:28571830	3	18	25
chr1:28571888	6	16	24
chr1:28581774	0	6	40
chr1:28619460	0	10	36
chr1:28619484	6	21	19
chr1:28619507	1	18	27
chr1:28619670	0	11	35
chr1:28619849	0	17	29
chr1:28619940	1	9	36
chr1:28812360	0	4	42
chr1:28812505	7	9	29
chr1:28812524	4	26	16
chr1:28812534	2	14	30
chr1:28812693	10	20	16
chr1:28869137	0	9	37
chr1:28869161	0	7	39
chr1:28869193	1	5	40
chr1:28869351	2	17	27
chr1:28869383	0	7	39
chr1:28869417	0	15	31
chr1:29089104	6	19	21
chr1:29089153	4	18	24
chr1:29089223	1	6	39
chr1:29104714	0	5	40
chr1:29104929	6	20	20
chr1:29104942	1	4	41
chr1:29104960	0	5	41
chr1:29105021	3	8	35
chr1:29236357	2	8	36
chr1:29236404	1	14	31
chr1:29236460	0	3	43
chr1:29236501	0	3	43
chr1:29236612	3	18	25
chr1:29236613	0	1	45
chr1:29236690	0	6	40
chr1:29357344	3	11	32
chr1:29357477	2	17	27
chr1:29357684	0	14	32
chr1:29357825	0	8	38
chr1:29404413	6	26	14
chr1:29404435	0	10	36
chr1:29404665	1	7	38
chr1:29409675	2	10	34
chr1:29409836	0	2	44
chr1:29409875	0	6	40
chr1:29410098	2	29	15
chr1:29410107	0	3	43
chr1:29410222	0	12	34
chr1:29450683	0	6	40
chr1:29450707	12	18	16
chr1:29450727	0	4	42
chr1:29450772	1	1	44
chr1:29450875	1	1	44
chr1:29450930	4	16	26
chr1:29451015	4	11	31
chr1:29455150	3	19	24
chr1:29455321	2	10	34
chr1:29455363	1	9	36
chr1:29466242	0	3	43
chr1:29466267	1	11	34
chr1:29466383	1	15	30
chr1:29466423	1	5	40
chr1:29466433	1	15	30
chr1:29466465	2	17	27
chr1:29466531	0	7	39
chr1:29466630	0	2	44
chr1:29466658	1	1	44
chr1:29611351	8	26	12
chr1:29611355	0	8	38
chr1:29611357	0	3	43
chr1:29611450	2	7	37
chr1:29611504	0	4	42
chr1:29618093	1	9	36
chr1:29618097	0	5	41
chr1:29618170	9	25	12
chr1:29620529	0	3	43
chr1:29622004	4	19	23
chr1:29622153	0	5	41
chr1:29639049	3	2	41
chr1:29639112	0	11	35
chr1:29639202	1	10	35
chr1:29639238	0	12	34
chr1:29639251	0	4	42
chr1:29639254	2	12	32
chr1:29747294	2	4	40
chr1:29848303	5	25	16
chr1:29848343	1	5	40
chr1:29848457	0	8	38
chr1:29848481	1	7	38
chr1:29848519	0	22	24
chr1:29851210	4	11	31
chr1:29851311	0	9	37
chr1:29904271	0	10	36
chr1:29904365	1	10	35
chr1:29904403	8	23	15
chr1:29904558	0	10	36
chr1:29961749	3	12	31
chr1:29961772	0	6	40
chr1:29961785	0	4	42
chr1:29961891	1	8	37
chr1:29961905	3	18	25
chr1:29964441	5	11	28
chr1:30059517	0	5	41
chr1:30059559	4	17	25
chr1:30059584	5	10	31
chr1:30059708	0	11	35
chr1:30059781	1	1	44
chr1:30105398	8	7	17
chr1:30105422	0	2	30
chr1:30105524	11	5	16
chr1:30105559	2	4	26
chr1:30127689	4	13	28
chr1:30159177	5	21	20
chr1:30159238	3	20	23
chr1:30159339	0	7	39
chr1:30159364	2	5	39
chr1:30159393	4	12	30
chr1:30159517	0	7	39
chr1:30206748	1	6	39
chr1:30206796	7	17	22
chr1:30206826	2	4	40
chr1:30227136	1	7	38
chr1:30227137	0	19	27
chr1:30227215	0	7	39
chr1:30227217	0	4	42
chr1:30420649	1	7	38
chr1:30420711	3	12	30
chr1:30420717	2	12	31
chr1:30420723	1	5	39
chr1:30420882	3	17	26
chr1:30423477	1	7	38
chr1:30423552	0	2	44
chr1:30423786	1	10	35
chr1:30558441	12	18	14
chr1:30558477	0	5	39
chr1:30558556	0	7	36
chr1:30558726	6	15	22
chr1:30576657	0	6	40
chr1:30576671	0	8	38
chr1:30576745	0	13	33
chr1:30576919	0	8	38
chr1:30576970	10	20	16
chr1:30577013	0	13	33
chr1:30577043	1	12	33
chr1:30604897	3	15	28
chr1:30604929	0	11	35
chr1:30605178	0	2	44
chr1:30605215	0	4	42
chr1:30605233	0	7	39
chr1:30605246	1	11	34
chr1:30605272	0	1	45
chr1:30610963	4	7	35
chr1:30610969	0	10	36
chr1:30611065	5	11	26
chr1:30619194	0	6	40
chr1:30619250	2	7	37
chr1:30619318	4	20	22
chr1:30637372	3	18	25
chr1:30637441	5	15	26
chr1:30637603	2	7	37
chr1:30637619	0	2	44
chr1:30664996	0	8	38
chr1:30665011	2	7	37
chr1:30665029	3	20	23
chr1:30665068	3	10	33
chr1:30725126	2	8	36
chr1:30725269	0	4	42
chr1:30725293	2	15	29
chr1:30725382	1	6	39
chr1:30725418	0	5	41
chr1:30789166	10	21	15
chr1:30789198	0	13	33
chr1:30798998	3	16	27
chr1:30866147	19	5	19
chr1:30866170	0	2	41
chr1:30866265	3	5	35
chr1:30958470	6	7	26
chr1:30958611	2	1	39
chr1:30958721	6	6	30
chr1:30987107	0	17	29
chr1:30987233	0	6	40
chr1:31042982	0	4	40
chr1:31042996	1	5	38
chr1:31043054	0	6	38
chr1:31043078	1	4	39
chr1:31043091	2	6	36
chr1:31043265	7	18	20
chr1:31127547	0	1	45
chr1:31127563	3	15	28
chr1:31127649	1	5	40
chr1:31127690	1	17	28
chr1:31127790	0	6	40
chr1:31127889	1	11	34
chr1:31168962	0	10	36
chr1:31169159	1	16	29
chr1:31169163	0	18	28
chr1:31169268	0	1	45
chr1:31242017	3	9	33
chr1:31292388	0	10	36
chr1:31303357	11	8	21
chr1:31303445	4	8	34
chr1:31303595	3	13	30
chr1:31303619	8	13	25
chr1:31416199	5	15	26
chr1:31416282	0	6	40
chr1:31416285	5	20	21
chr1:31416352	1	13	32
chr1:31416486	0	4	42
chr1:31416495	1	5	40
chr1:31416541	2	16	28
chr1:31416543	0	4	42
chr1:31437962	0	1	45
chr1:31438001	5	24	17
chr1:31444107	0	7	39
chr1:31444204	1	19	26
chr1:31444382	0	3	43
chr1:31444424	1	2	43
chr1:31480766	5	9	31
chr1:31480847	0	12	33
chr1:31480867	4	11	30
chr1:31559262	1	7	38
chr1:31559314	7	25	14
chr1:31559351	0	10	36
chr1:31559424	0	12	34
chr1:31559517	0	3	43
chr1:31559775	0	5	41
chr1:31559922	1	5	38
chr1:31559946	6	12	26
chr1:31559995	1	3	38
chr1:31564752	1	4	41
chr1:31564803	0	2	44
chr1:31564837	1	9	36
chr1:31564972	0	11	35
chr1:31564999	2	19	25
chr1:31565165	11	24	11
chr1:31565176	1	9	36
chr1:31590744	0	7	39
chr1:31590846	11	20	15
chr1:31590903	0	2	44
chr1:31591006	0	14	32
chr1:31591037	0	4	42
chr1:31591185	1	12	33
chr1:31608416	1	8	36
chr1:31608418	2	6	37
chr1:31608465	0	4	41
chr1:31620824	1	10	35
chr1:31620867	0	3	43
chr1:31659501	0	2	44
chr1:31664295	0	4	42
chr1:31664312	0	2	44
chr1:31664445	3	10	33
chr1:31664460	0	9	37
chr1:31664518	1	8	37
chr1:31720216	1	9	36
chr1:31764507	0	12	34
chr1:31764736	1	16	29
chr1:31764776	3	15	28
chr1:31783098	6	24	16
chr1:31783297	0	7	38
chr1:31784774	2	9	34
chr1:31792404	2	13	31
chr1:31792426	0	8	38
chr1:31792511	1	10	35
chr1:31811716	1	17	28
chr1:31811815	0	5	41
chr1:31811905	0	7	39
chr1:31811906	2	15	29
chr1:31869050	0	1	43
chr1:31870369	0	9	37
chr1:31870434	0	6	40
chr1:31873822	2	23	21
chr1:31873936	0	13	33
chr1:31888653	6	23	17
chr1:31892744	5	24	16
chr1:31892840	1	13	32
chr1:31917389	1	6	39
chr1:31917395	9	26	11
chr1:31917538	0	8	38
chr1:31917546	0	4	42
chr1:31917562	1	10	35
chr1:31917563	0	9	37
chr1:31917627	2	12	32
chr1:31975742	13	17	15
chr1:32031637	0	1	45
chr1:32031874	0	7	39
chr1:32049820	0	20	26
chr1:32200452	2	17	27
chr1:32200542	6	17	23
chr1:32200621	2	12	32
chr1:32229458	12	14	18
chr1:32229492	1	4	39
chr1:32229604	2	6	36
chr1:32229682	2	1	41
chr1:32277387	2	9	35
chr1:32277428	0	12	34
chr1:32277537	1	9	36
chr1:32439165	3	16	27
chr1:32439228	4	13	29
chr1:32439336	0	4	42
chr1:32439357	0	13	33
chr1:32439420	3	10	31
chr1:32461846	0	2	44
chr1:32461893	4	15	27
chr1:32581135	2	11	32
chr1:32581158	2	5	38
chr1:32581300	2	12	31
chr1:32585527	13	14	15
chr1:32585669	4	4	33
chr1:32585701	3	8	30
chr1:32585756	3	1	37
chr1:32763279	0	6	40
chr1:32763386	0	7	39
chr1:32763577	5	24	17
chr1:32763608	0	8	38
chr1:32763675	0	11	35
chr1:32763744	0	9	37
chr1:32861268	0	11	35
chr1:32861378	2	8	36
chr1:32861582	1	11	34
chr1:32874252	0	5	41
chr1:32874477	1	5	40
chr1:32874517	10	14	22
chr1:32930305	0	4	42
chr1:32930792	0	3	43
chr1:32930820	0	2	44
chr1:32950650	2	6	25
chr1:32950710	1	4	29
chr1:32950768	4	15	15
chr1:32950815	4	6	24
chr1:32963595	0	12	34
chr1:32963644	0	12	34
chr1:32963690	0	4	42
chr1:32963852	0	19	27
chr1:32963865	0	4	42
chr1:32963941	4	16	26
chr1:32983102	1	5	40
chr1:32983180	0	4	42
chr1:32983201	3	14	29
chr1:32983268	0	9	37
chr1:32983334	0	8	38
chr1:32983375	0	22	24
chr1:32983517	0	6	40
chr1:32983519	0	4	42
chr1:33013308	0	5	37
chr1:33013334	2	4	37
chr1:33013399	2	3	38
chr1:33013463	5	2	35
chr1:33013464	2	4	36
chr1:33013495	3	5	34
chr1:33013500	2	10	30
chr1:33023568	0	11	35
chr1:33023578	0	7	39
chr1:33023582	0	4	42
chr1:33023604	3	23	20
chr1:33023635	3	21	22
chr1:33023640	3	17	26
chr1:33023774	2	5	39
chr1:33023780	1	12	33
chr1:33023801	3	23	20
chr1:33023913	1	4	41
chr1:33024024	1	5	40
chr1:33024221	0	5	41
chr1:33040153	0	6	40
chr1:33040213	0	5	41
chr1:33060157	0	4	40
chr1:33060165	0	9	35
chr1:33060189	1	6	37
chr1:33060192	2	23	19
chr1:33067910	7	26	13
chr1:33068015	0	6	40
chr1:33068059	0	6	40
chr1:33068080	4	20	22
chr1:33068098	0	12	34
chr1:33068138	0	3	43
chr1:33068169	3	5	38
chr1:33068308	0	5	41
chr1:33068335	1	2	43
chr1:33068406	4	7	35
chr1:33068408	3	15	28
chr1:33131600	3	15	28
chr1:33149557	6	21	19
chr1:33149739	1	9	36
chr1:33149841	0	5	41
chr1:33149955	0	7	39
chr1:33153941	0	6	40
chr1:33154055	12	21	13
chr1:33154144	3	15	28
chr1:33154272	1	10	35
chr1:33154299	1	7	38
chr1:33158847	0	3	43
chr1:33158925	1	3	42
chr1:33158931	5	12	29
chr1:33159003	7	19	20
chr1:33159083	0	6	40
chr1:33166078	0	8	38
chr1:33166191	9	16	21
chr1:33166210	10	25	11
chr1:33175801	1	19	26
chr1:33175934	0	4	42
chr1:33176063	1	13	32
chr1:33176126	5	25	16
chr1:33176204	1	8	37
chr1:33176214	0	6	40
chr1:33176257	5	14	27
chr1:33180737	5	9	32
chr1:33180773	9	27	10
chr1:33182056	1	4	41
chr1:33182066	3	14	29
chr1:33182071	0	6	40
chr1:33182079	0	2	44
chr1:33186974	1	9	36
chr1:33187090	0	2	44
chr1:33187112	0	9	37
chr1:33187155	0	7	39
chr1:33187172	6	21	19
chr1:33187180	0	3	43
chr1:33190639	8	19	19
chr1:33190775	0	4	42
chr1:33190802	3	15	28
chr1:33190841	0	4	42
chr1:33190865	0	16	30
chr1:33190931	3	11	32
chr1:33229725	0	1	45
chr1:33229857	1	5	40
chr1:33229890	2	6	38
chr1:33230003	0	11	35
chr1:33230005	1	10	35
chr1:33230079	1	13	32
chr1:33230127	7	22	17
chr1:33230142	2	6	38
chr1:33240095	2	7	37
chr1:33240122	2	15	29
chr1:33240334	1	7	38
chr1:33240584	8	21	17
chr1:33245680	0	5	39
chr1:33245756	1	6	37
chr1:33245879	1	9	35
chr1:33245927	0	5	40
chr1:33276060	0	6	40
chr1:33416889	11	7	25
chr1:33416911	4	1	38
chr1:33417017	1	7	38
chr1:33417131	0	6	40
chr1:33437407	2	11	33
chr1:33437410	0	6	40
chr1:33437525	6	22	18
chr1:33439818	1	11	34
chr1:33439980	0	6	40
chr1:33440047	0	11	35
chr1:33440052	0	7	39
chr1:33440095	1	9	36
chr1:33440103	0	6	40
chr1:33450380	0	13	33
chr1:33450532	0	9	37
chr1:33450659	7	22	17
chr1:33450663	0	7	39
chr1:33489378	1	4	40
chr1:33489465	1	3	41
chr1:33489598	1	6	39
chr1:33489602	0	1	45
chr1:33506246	0	5	40
chr1:33506252	0	12	33
chr1:33506259	0	5	40
chr1:33506263	2	14	29
chr1:33506285	0	11	34
chr1:33506313	1	7	37
chr1:33506415	1	5	39
chr1:33507315	0	8	38
chr1:33507323	2	8	36
chr1:33507358	0	17	29
chr1:33507465	3	11	32
chr1:33507529	4	18	24
chr1:33525781	0	7	39
chr1:33525888	0	4	42
chr1:33526036	0	8	38
chr1:33540235	0	8	38
chr1:33540237	1	13	32
chr1:33540247	0	1	45
chr1:33540276	11	22	13
chr1:33540317	4	14	28
chr1:33540635	4	26	16
chr1:33540644	0	15	31
chr1:33590974	12	20	14
chr1:33590992	1	7	38
chr1:33591026	0	6	40
chr1:33598785	5	25	16
chr1:33598906	0	7	39
chr1:33599050	1	5	40
chr1:33636074	0	14	31
chr1:33636107	0	14	31
chr1:33657290	0	17	29
chr1:33657311	10	22	14
chr1:33672573	2	14	29
chr1:33677251	9	16	21
chr1:33677260	0	11	35
chr1:33677386	1	6	39
chr1:33677411	0	11	35
chr1:33680235	1	10	35
chr1:33680250	0	11	35
chr1:33680258	1	13	32
chr1:33680320	0	6	40
chr1:33680357	4	16	26
chr1:33680425	0	5	41
chr1:33680561	1	12	33
chr1:33680671	1	10	35
chr1:33680696	0	4	42
chr1:33691586	10	26	10
chr1:33691643	1	12	33
chr1:33691658	1	19	26
chr1:33693833	0	2	44
chr1:33693847	8	27	11
chr1:33696824	1	8	37
chr1:33696928	1	13	32
chr1:33697019	1	12	33
chr1:33769233	2	22	22
chr1:33769282	0	4	42
chr1:33769407	0	10	36
chr1:33772396	1	3	42
chr1:33772445	2	14	30
chr1:33776611	11	9	26
chr1:33776765	3	10	33
chr1:33790023	0	11	35
chr1:33790221	1	8	37
chr1:33790312	1	2	43
chr1:33790400	3	12	31
chr1:33790423	0	7	39
chr1:33790424	0	6	40
chr1:33839269	1	3	42
chr1:33839351	2	7	37
chr1:33839447	0	5	41
chr1:33839483	4	21	21
chr1:33842294	6	16	22
chr1:33842472	1	6	36
chr1:33850757	1	19	26
chr1:33853888	1	3	40
chr1:33855817	6	21	19
chr1:33860066	0	10	36
chr1:33862157	0	8	38
chr1:33862273	1	10	35
chr1:33862373	2	15	29
chr1:33895681	11	6	25
chr1:33895718	1	6	36
chr1:33895737	4	11	28
chr1:33895803	3	2	38
chr1:33918969	1	3	42
chr1:33945096	1	9	36
chr1:33945124	5	17	23
chr1:33945146	0	7	39
chr1:33991400	1	18	27
chr1:33991558	3	10	33
chr1:33991588	1	7	38
chr1:34026999	0	6	39
chr1:34027217	2	12	31
chr1:34027296	2	15	28
chr1:34065921	4	16	26
chr1:34066212	10	20	16
chr1:34066381	1	17	28
chr1:34076213	2	7	37
chr1:34076369	4	3	39
chr1:34133470	3	10	33
chr1:34133518	1	14	31
chr1:34133564	2	16	28
chr1:34133736	4	23	19
chr1:34133780	0	2	44
chr1:34166053	0	2	41
chr1:34166090	2	5	36
chr1:34169448	5	21	20
chr1:34169553	9	27	10
chr1:34169561	0	3	43
chr1:34178381	0	5	41
chr1:34178448	3	7	36
chr1:34178458	0	19	27
chr1:34178466	0	2	44
chr1:34178518	0	1	45
chr1:34178555	7	20	19
chr1:34245301	13	17	16
chr1:34245402	1	9	36
chr1:34246473	7	21	18
chr1:34246598	2	15	29
chr1:34259135	7	26	13
chr1:34259242	2	9	35
chr1:34266157	0	4	42
chr1:34266802	5	20	21
chr1:34277319	1	8	37
chr1:34277322	1	15	30
chr1:34277384	10	24	12
chr1:34277449	1	15	30
chr1:34277485	1	12	33
chr1:34381117	1	8	36
chr1:34381219	4	13	28
chr1:34385154	7	21	18
chr1:34389383	2	7	37
chr1:34389423	10	16	20
chr1:34429468	7	21	18
chr1:34429488	3	11	32
chr1:34439752	1	1	43
chr1:34439802	7	20	18
chr1:34449747	5	19	22
chr1:34449942	3	12	31
chr1:34453923	4	22	20
chr1:34454089	0	3	43
chr1:34454140	1	14	31
chr1:34484446	3	10	32
chr1:34484509	0	7	38
chr1:34484537	8	15	22
chr1:34484604	5	7	33
chr1:34511026	0	2	40
chr1:34512704	0	9	37
chr1:34522124	8	15	19
chr1:34522152	3	16	23
chr1:34595420	2	15	29
chr1:34595472	9	25	12
chr1:34595485	4	12	30
chr1:34595500	0	6	40
chr1:34595611	0	5	41
chr1:34595620	0	7	39
chr1:34595646	3	17	26
chr1:34595709	0	14	32
chr1:34612896	3	14	29
chr1:34612903	0	10	36
chr1:34612913	1	13	32
chr1:34612978	0	3	43
chr1:34613007	0	6	40
chr1:34613326	1	14	31
chr1:34613462	2	16	28
chr1:34613613	0	4	42
chr1:34676413	5	11	30
chr1:34676447	0	5	41
chr1:34676532	0	6	40
chr1:34676721	4	10	32
chr1:34676736	2	11	33
chr1:34676768	1	19	26
chr1:34676801	0	5	41
chr1:34676802	12	20	14
chr1:34676895	3	16	27
chr1:34713467	4	19	23
chr1:34713571	6	22	18
chr1:34713640	3	12	31
chr1:34713673	0	3	43
chr1:34721761	0	4	42
chr1:34721773	1	9	36
chr1:34721815	0	2	44
chr1:34730452	1	16	29
chr1:34730504	16	13	17
chr1:34730681	0	11	35
chr1:34730758	0	2	44
chr1:34750578	3	12	31
chr1:34750765	11	22	13
chr1:34750843	1	7	38
chr1:34763528	7	24	15
chr1:34763534	9	21	16
chr1:34763608	0	7	39
chr1:34763651	0	12	34
chr1:34763691	0	6	40
chr1:34798297	0	10	36
chr1:34798300	1	11	34
chr1:34798314	0	8	38
chr1:34798583	0	2	44
chr1:34798601	0	9	37
chr1:34798635	4	23	19
chr1:34798641	1	25	20
chr1:34872694	0	2	39
chr1:34882474	0	5	41
chr1:34882571	7	23	16
chr1:34882610	9	19	18
chr1:34882660	1	16	29
chr1:34885791	0	10	36
chr1:34885834	9	26	11
chr1:34885976	3	6	36
chr1:34886119	1	5	40
chr1:34889889	2	12	32
chr1:34890034	1	20	25
chr1:34890049	0	11	35
chr1:34890069	2	19	25
chr1:34890109	0	2	44
chr1:34890133	0	13	33
chr1:34890189	12	19	15
chr1:34892815	0	2	41
chr1:34892850	0	6	37
chr1:34893013	11	18	15
chr1:34893051	3	5	36
chr1:34893079	0	4	40
chr1:34893107	0	1	43
chr1:34933334	0	18	28
chr1:34933338	0	12	34
chr1:34933415	0	11	35
chr1:34933499	3	9	33
chr1:34933562	3	20	23
chr1:34933682	6	25	15
chr1:34943279	4	29	13
chr1:34943314	0	14	32
chr1:34943457	1	7	38
chr1:34943492	2	19	25
chr1:34943514	5	13	28
chr1:34943529	2	17	27
chr1:34961867	10	23	13
chr1:34961928	2	7	37
chr1:34962034	0	5	41
chr1:34962094	7	23	16
chr1:34962189	12	20	14
chr1:34962241	0	8	38
chr1:34962242	1	5	40
chr1:35006879	11	2	23
chr1:35006916	1	5	30
chr1:35023086	0	10	36
chr1:35023195	1	16	29
chr1:35023320	0	7	39
chr1:35023364	0	12	34
chr1:35028509	1	11	34
chr1:35028534	0	1	45
chr1:35028713	4	17	25
chr1:35028737	2	8	36
chr1:35050855	3	2	41
chr1:35050859	0	14	32
chr1:35050922	2	6	38
chr1:35051000	1	0	45
chr1:35051038	4	13	29
chr1:35108247	4	3	39
chr1:35108262	2	8	36
chr1:35108310	0	2	44
chr1:35108503	5	15	26
chr1:35143719	0	7	39
chr1:35143736	0	2	44
chr1:35143737	1	7	38
chr1:35143786	1	10	35
chr1:35143949	0	2	44
chr1:35144039	0	1	45
chr1:35144134	0	7	39
chr1:35144166	2	20	24
chr1:35165458	2	13	31
chr1:35165463	0	7	39
chr1:35165533	1	15	30
chr1:35165559	0	4	42
chr1:35165582	1	12	33
chr1:35165715	1	10	35
chr1:35165786	0	2	44
chr1:35165854	0	5	41
chr1:35165906	2	12	32
chr1:35165913	1	5	40
chr1:35224005	1	5	40
chr1:35224049	1	22	23
chr1:35224095	1	8	37
chr1:35224119	0	1	45
chr1:35224181	3	13	30
chr1:35224238	11	22	13
chr1:35224371	0	4	42
chr1:35224451	7	24	15
chr1:35237082	2	18	26
chr1:35237113	0	7	39
chr1:35237217	0	8	38
chr1:35237239	1	10	35
chr1:35257875	1	2	40
chr1:35258067	2	4	35
chr1:35258107	8	11	22
chr1:35282421	6	16	24
chr1:35282454	2	14	30
chr1:35308430	0	3	43
chr1:35308457	1	6	39
chr1:35308781	2	13	31
chr1:35325810	0	20	26
chr1:35325975	0	9	37
chr1:35326029	6	6	30
chr1:35326065	6	4	32
chr1:35348856	0	6	40
chr1:35348928	1	6	39
chr1:35348965	0	1	45
chr1:35348991	0	9	37
chr1:35349005	1	4	41
chr1:35349057	0	2	44
chr1:35349173	9	21	16
chr1:35349246	0	28	18
chr1:35349248	0	16	30
chr1:35349252	0	7	39
chr1:35359859	1	4	41
chr1:35359912	0	6	40
chr1:35360053	0	18	28
chr1:35360117	1	7	38
chr1:35360197	0	2	44
chr1:35360247	0	4	42
chr1:35378265	1	6	37
chr1:35378370	0	4	42
chr1:35378595	3	8	35
chr1:35385425	1	6	39
chr1:35385451	0	5	41
chr1:35385506	0	3	43
chr1:35385540	3	12	31
chr1:35385608	0	9	37
chr1:35385709	3	6	37
chr1:35385768	0	8	38
chr1:35385788	6	15	25
chr1:35399815	0	6	40
chr1:35399915	10	15	21
chr1:35399960	0	3	43
chr1:35399995	9	17	20
chr1:35613692	2	4	40
chr1:35613711	0	6	40
chr1:35613748	6	15	25
chr1:35613941	15	13	18
chr1:35613977	0	2	44
chr1:35638637	0	4	42
chr1:35638646	5	19	22
chr1:35638690	1	7	38
chr1:35638699	2	6	38
chr1:35638711	1	10	35
chr1:35638809	1	3	42
chr1:35666820	0	18	28
chr1:35666877	4	26	16
chr1:35666886	0	10	36
chr1:35666912	2	10	34
chr1:35681632	0	8	38
chr1:35681682	1	13	32
chr1:35681695	0	4	42
chr1:35681781	0	22	24
chr1:35722177	10	10	19
chr1:35725232	12	16	17
chr1:35725238	2	5	39
chr1:35725528	3	4	39
chr1:35725573	11	20	15
chr1:35725620	0	10	36
chr1:35751148	1	6	39
chr1:35751206	0	3	43
chr1:35751266	0	2	44
chr1:35751268	3	14	29
chr1:35751395	1	10	35
chr1:35751427	1	2	43
chr1:35751457	2	15	29
chr1:35917320	1	11	34
chr1:35917472	0	9	37
chr1:35917592	0	7	38
chr1:35917683	0	3	42
chr1:35924307	0	8	38
chr1:35924340	0	15	31
chr1:35924443	0	4	42
chr1:35924461	2	12	32
chr1:35924570	2	26	18
chr1:35948138	3	7	36
chr1:35948175	2	11	33
chr1:35949748	1	11	32
chr1:35950718	1	11	33
chr1:35950884	1	5	40
chr1:35951032	10	19	17
chr1:35961352	8	21	17
chr1:35961473	0	3	43
chr1:35961627	2	8	36
chr1:35961703	3	18	25
chr1:35979008	0	2	44
chr1:35979023	7	20	19
chr1:35979055	1	8	37
chr1:35979352	6	22	18
chr1:35982709	0	10	36
chr1:35982710	1	6	39
chr1:35982807	0	3	43
chr1:35990149	0	5	41
chr1:35990202	0	4	42
chr1:35990284	0	9	37
chr1:35990397	0	9	37
chr1:36013247	0	2	42
chr1:36013253	0	5	39
chr1:36013432	14	11	19
chr1:36014454	0	1	45
chr1:36014487	0	2	44
chr1:36014638	0	8	38
chr1:36014673	0	13	33
chr1:36036316	11	22	13
chr1:36036564	0	6	40
chr1:36036684	5	23	18
chr1:36036699	0	1	45
chr1:36036765	0	7	39
chr1:36041766	1	10	35
chr1:36047664	3	8	35
chr1:36047729	1	10	35
chr1:36047796	0	12	34
chr1:36047983	0	13	33
chr1:36048048	1	3	42
chr1:36057662	4	1	34
chr1:36057848	10	13	15
chr1:36064856	7	22	17
chr1:36064932	1	4	41
chr1:36065103	0	4	42
chr1:36074662	1	11	34
chr1:36074740	4	22	20
chr1:36074987	0	12	34
chr1:36075085	0	7	39
chr1:36075104	0	6	40
chr1:36119563	8	23	15
chr1:36119595	1	0	45
chr1:36119694	1	6	39
chr1:36139936	0	4	40
chr1:36158487	0	9	37
chr1:36158525	1	7	38
chr1:36160756	1	17	28
chr1:36160763	0	6	40
chr1:36169408	0	16	30
chr1:36169518	0	4	42
chr1:36169533	1	11	34
chr1:36193683	11	12	20
chr1:36193689	7	13	23
chr1:36196909	2	7	37
chr1:36196939	1	5	40
chr1:36199161	0	5	41
chr1:36199184	10	20	16
chr1:36199293	1	12	33
chr1:36199425	0	14	32
chr1:36261565	4	8	34
chr1:36261567	9	11	26
chr1:36261677	1	13	32
chr1:36261683	1	9	36
chr1:36261719	2	7	37
chr1:36265612	0	4	38
chr1:36265635	3	6	37
chr1:36265699	5	11	30
chr1:36265702	4	14	28
chr1:36265808	3	9	34
chr1:36265840	0	13	33
chr1:36265912	0	9	37
chr1:36322824	0	5	41
chr1:36322896	2	14	30
chr1:36323077	1	10	35
chr1:36323158	2	13	31
chr1:36323173	0	4	42
chr1:36323220	0	4	42
chr1:36346017	0	3	43
chr1:36346056	2	11	33
chr1:36346098	0	2	44
chr1:36346156	1	16	29
chr1:36346348	0	4	42
chr1:36346374	12	21	13
chr1:36419789	7	11	28
chr1:36419878	4	16	26
chr1:36420009	3	7	36
chr1:36420146	4	8	34
chr1:36445280	2	10	32
chr1:36445282	2	8	34
chr1:36445295	1	6	37
chr1:36445463	12	18	14
chr1:36467613	11	17	16
chr1:36467632	5	16	23
chr1:36467676	2	8	33
chr1:36467705	1	9	33
chr1:36467707	1	4	38
chr1:36511520	11	22	12
chr1:36511634	2	8	35
chr1:36511654	0	4	41
chr1:36511748	0	10	36
chr1:36511805	2	9	35
chr1:36511826	2	15	29
chr1:36511927	1	11	34
chr1:36517437	6	9	28
chr1:36598556	1	3	42
chr1:36598559	2	11	33
chr1:36711873	2	3	29
chr1:36711913	0	1	33
chr1:36839922	0	8	38
chr1:36840039	0	13	33
chr1:36840104	0	4	42
chr1:36840160	0	8	38
chr1:36840184	2	11	33
chr1:36840287	3	11	31
chr1:36855259	1	14	31
chr1:36855400	1	5	40
chr1:36855426	0	5	41
chr1:36855451	2	3	41
chr1:36856105	0	1	45
chr1:36856136	0	2	44
chr1:36856160	1	6	39
chr1:36905390	0	21	25
chr1:36905540	0	15	31
chr1:36905585	0	11	35
chr1:36905725	1	12	33
chr1:36923351	4	13	28
chr1:36923510	4	11	31
chr1:36923533	0	5	41
chr1:36923550	2	11	33
chr1:37111579	1	7	38
chr1:37145379	0	3	43
chr1:37145430	5	11	30
chr1:37150115	1	6	38
chr1:37150126	0	6	40
chr1:37150299	0	5	41
chr1:37178599	1	21	24
chr1:37178622	0	5	41
chr1:37178623	0	8	38
chr1:37178743	9	22	15
chr1:37178748	1	11	34
chr1:37178848	2	7	37
chr1:37178864	1	11	34
chr1:37178927	3	15	28
chr1:37178993	7	23	16
chr1:37235611	0	2	44
chr1:37235613	0	3	43
chr1:37235646	10	24	12
chr1:37329376	1	12	33
chr1:37329625	2	9	35
chr1:37329701	2	10	34
chr1:37329709	3	16	27
chr1:37329753	1	6	39
chr1:37376714	6	17	23
chr1:37376729	1	1	44
chr1:37376774	1	2	43
chr1:37376805	3	7	36
chr1:37402709	1	10	34
chr1:37402788	3	2	40
chr1:37416232	5	17	23
chr1:37416243	2	6	37
chr1:37418145	2	15	29
chr1:37418159	1	8	37
chr1:37418172	1	5	40
chr1:37418330	1	2	43
chr1:37471152	1	11	34
chr1:37480674	0	12	34
chr1:37482471	0	12	34
chr1:37482521	2	21	23
chr1:37482575	1	8	37
chr1:37482583	1	6	39
chr1:37482614	0	12	34
chr1:37492248	0	5	40
chr1:37492302	2	16	28
chr1:37492427	0	3	43
chr1:37492445	0	1	45
chr1:37492638	1	12	33
chr1:37516093	0	10	36
chr1:37516265	0	8	38
chr1:37516377	5	30	11
chr1:37516394	0	1	45
chr1:37523449	4	22	20
chr1:37523506	0	7	39
chr1:37523678	3	12	31
chr1:37553587	5	15	26
chr1:37554028	0	19	27
chr1:37554066	0	20	26
chr1:37554080	0	2	44
chr1:37554131	2	18	26
chr1:37554162	1	3	42
chr1:37554235	1	15	30
chr1:37554384	0	5	41
chr1:37554430	1	14	31
chr1:37565043	0	1	45
chr1:37565174	0	3	43
chr1:37565181	1	7	38
chr1:37565321	0	8	38
chr1:37565387	1	10	35
chr1:37577108	1	13	32
chr1:37577221	0	19	27
chr1:37577284	1	25	20
chr1:37577338	1	8	37
chr1:37616518	5	17	24
chr1:37616671	4	24	18
chr1:37616859	3	17	26
chr1:37630803	0	4	42
chr1:37630826	1	3	42
chr1:37630951	1	13	32
chr1:37631096	0	4	42
chr1:37638886	2	16	28
chr1:37674665	1	6	36
chr1:37678021	0	4	41
chr1:37714280	7	10	27
chr1:37715109	6	18	22
chr1:37715116	4	16	26
chr1:37715260	0	12	34
chr1:37715435	3	11	32
chr1:37715473	0	6	40
chr1:37726097	2	13	31
chr1:37726110	0	4	42
chr1:37726119	1	9	36
chr1:37726131	1	7	38
chr1:37726432	0	6	40
chr1:37726477	1	14	31
chr1:37732560	6	24	16
chr1:37732698	0	9	37
chr1:37732846	0	5	41
chr1:37732847	10	25	11
chr1:37732950	3	20	23
chr1:37732994	12	21	13
chr1:37774602	9	8	28
chr1:37774764	7	16	23
chr1:37780783	1	18	27
chr1:37787265	3	10	33
chr1:37787333	0	6	40
chr1:37787380	0	2	44
chr1:37787462	0	3	43
chr1:37787522	3	11	32
chr1:37832670	0	8	38
chr1:37832714	1	4	40
chr1:37832766	0	8	38
chr1:37836722	0	4	42
chr1:37836735	2	17	27
chr1:37836811	1	2	43
chr1:37836840	2	19	25
chr1:37836849	13	20	13
chr1:37837018	4	20	22
chr1:37847689	1	6	39
chr1:37847749	1	7	38
chr1:37847829	0	2	44
chr1:37847862	1	16	29
chr1:37847880	0	5	41
chr1:37847904	0	18	28
chr1:37847938	2	12	32
chr1:37851801	1	14	31
chr1:37851851	2	20	24
chr1:37851876	3	7	36
chr1:37851887	2	10	34
chr1:37859961	4	12	30
chr1:37859993	12	17	17
chr1:37860057	17	11	18
chr1:37860353	1	13	32
chr1:37860378	1	16	29
chr1:37876220	2	14	30
chr1:37876225	0	1	45
chr1:37876247	0	8	38
chr1:37876408	2	11	33
chr1:37877435	1	5	39
chr1:37877440	2	6	37
chr1:37886653	0	2	44
chr1:37886726	2	13	31
chr1:37886871	1	17	28
chr1:37886875	0	7	39
chr1:37892786	10	23	13
chr1:37894256	0	17	29
chr1:37894369	2	14	30
chr1:37899136	1	15	28
chr1:37899170	2	19	25
chr1:37900611	1	6	39
chr1:37906872	0	7	39
chr1:37906946	1	7	38
chr1:37906958	1	7	38
chr1:37906981	1	26	19
chr1:37907282	5	23	18
chr1:37907288	3	14	29
chr1:37919570	14	10	16
chr1:37919658	0	2	37
chr1:37930327	14	16	16
chr1:37930338	10	23	13
chr1:37930375	3	10	33
chr1:37943954	9	5	24
chr1:37947717	0	5	41
chr1:37947834	2	16	28
chr1:37950074	1	1	42
chr1:37950137	12	14	18
chr1:37954356	0	13	33
chr1:37954551	4	16	26
chr1:37959340	0	18	28
chr1:37959367	1	14	31
chr1:37959408	2	10	34
chr1:37959664	1	5	40
chr1:37974509	0	7	39
chr1:37974524	2	12	32
chr1:37974550	0	5	41
chr1:37974739	0	1	45
chr1:37974741	8	23	15
chr1:37974902	0	4	42
chr1:37977674	0	9	37
chr1:37977745	8	25	13
chr1:37977759	0	2	44
chr1:37977802	1	13	32
chr1:37977893	0	6	40
chr1:37987712	3	14	28
chr1:37987832	13	17	16
chr1:37988080	4	19	22
chr1:37989963	1	8	37
chr1:37990084	12	18	16
chr1:37990182	6	18	22
chr1:37990234	5	14	27
chr1:37990250	0	7	39
chr1:37990276	8	25	13
chr1:37990283	1	8	37
chr1:38019869	0	2	44
chr1:38019963	2	15	29
chr1:38020022	5	22	19
chr1:38020076	0	1	45
chr1:38020254	1	10	35
chr1:38021746	3	23	20
chr1:38021797	3	15	28
chr1:38021812	1	10	35
chr1:38023529	1	5	40
chr1:38023631	2	16	28
chr1:38023687	0	3	43
chr1:38023713	0	3	43
chr1:38023765	0	3	43
chr1:38027860	3	8	33
chr1:38028094	3	5	38
chr1:38028152	4	15	27
chr1:38056590	0	9	37
chr1:38056600	3	15	28
chr1:38056945	5	24	17
chr1:38056951	0	3	43
chr1:38056969	0	8	38
chr1:38059788	2	13	31
chr1:38059883	0	8	38
chr1:38061900	0	8	38
chr1:38061920	3	17	26
chr1:38061938	0	5	41
chr1:38061966	7	25	14
chr1:38062071	1	9	36
chr1:38062107	1	3	42
chr1:38064325	2	17	27
chr1:38064427	2	13	31
chr1:38070634	6	7	33
chr1:38070745	0	7	39
chr1:38077197	2	14	30
chr1:38077213	3	18	25
chr1:38089898	3	9	34
chr1:38089995	1	2	43
chr1:38114256	7	21	18
chr1:38114600	1	9	36
chr1:38114720	4	23	19
chr1:38121240	0	10	36
chr1:38121288	7	14	25
chr1:38121321	0	1	45
chr1:38121454	0	8	38
chr1:38125823	0	1	45
chr1:38125881	0	7	39
chr1:38125893	3	26	17
chr1:38126426	1	4	40
chr1:38126432	1	7	37
chr1:38126456	5	14	27
chr1:38148888	6	18	22
chr1:38149027	0	13	33
chr1:38149182	0	7	39
chr1:38153799	0	14	32
chr1:38153892	0	1	45
chr1:38155249	0	13	33
chr1:38155274	0	6	40
chr1:38155339	0	12	34
chr1:38197736	0	6	40
chr1:38197765	0	12	34
chr1:38197772	0	9	37
chr1:38197820	6	14	26
chr1:38197865	0	5	41
chr1:38197930	6	20	20
chr1:38202544	0	10	36
chr1:38202567	3	5	38
chr1:38202597	0	3	43
chr1:38203274	0	5	41
chr1:38203560	10	25	11
chr1:38212267	5	23	18
chr1:38212295	1	8	37
chr1:38216515	2	17	27
chr1:38216765	3	13	30
chr1:38220227	0	2	44
chr1:38220239	3	11	32
chr1:38221298	1	4	41
chr1:38221425	0	7	39
chr1:38227522	8	19	19
chr1:38227578	3	15	28
chr1:38227620	0	4	42
chr1:38243032	13	14	17
chr1:38243052	1	7	36
chr1:38245280	0	8	38
chr1:38245282	0	11	35
chr1:38245293	5	27	14
chr1:38245347	0	10	36
chr1:38248102	2	14	30
chr1:38248138	8	18	20
chr1:38248204	7	20	19
chr1:38248382	2	6	38
chr1:38248419	4	20	22
chr1:38248447	0	5	41
chr1:38271988	0	2	44
chr1:38272178	3	9	34
chr1:38272251	1	14	31
chr1:38272316	1	0	45
chr1:38272350	8	22	16
chr1:38287616	1	3	40
chr1:38287645	2	15	27
chr1:38287738	6	19	19
chr1:38287756	14	15	15
chr1:38287914	0	3	41
chr1:38287924	2	7	35
chr1:38304805	0	1	45
chr1:38304917	0	4	42
chr1:38304937	0	3	43
chr1:38305077	1	17	28
chr1:38317009	3	10	33
chr1:38317183	1	3	42
chr1:38317219	9	20	17
chr1:38324213	6	21	19
chr1:38324393	3	27	16
chr1:38324459	0	5	41
chr1:38328189	0	2	44
chr1:38328219	1	6	39
chr1:38328243	0	8	38
chr1:38328270	2	18	26
chr1:38328328	0	2	44
chr1:38328351	0	10	36
chr1:38328387	1	16	29
chr1:38328476	6	6	29
chr1:38334213	0	12	34
chr1:38334278	0	2	44
chr1:38334316	3	12	31
chr1:38334423	2	23	21
chr1:38334534	1	17	28
chr1:38361977	0	9	37
chr1:38362177	0	8	38
chr1:38362304	2	5	39
chr1:38362398	2	17	27
chr1:38364341	3	19	24
chr1:38364447	6	20	20
chr1:38398057	0	5	41
chr1:38398130	0	2	44
chr1:38423413	14	11	19
chr1:38423440	2	10	32
chr1:38423443	4	1	39
chr1:38426372	0	17	29
chr1:38468452	4	20	22
chr1:38468579	0	10	36
chr1:38468842	0	6	40
chr1:38468874	0	9	37
chr1:38468876	0	6	40
chr1:38503140	0	13	33
chr1:38503211	0	8	38
chr1:38503362	0	5	41
chr1:38503374	0	4	42
chr1:38505706	7	14	25
chr1:38505827	0	6	40
chr1:38505836	3	15	28
chr1:38505909	0	7	39
chr1:38505916	2	22	22
chr1:38505934	9	22	15
chr1:38505985	1	8	36
chr1:38507843	2	13	31
chr1:38509587	5	24	17
chr1:38510801	1	7	38
chr1:38515154	0	16	30
chr1:38515298	2	20	24
chr1:38515380	0	13	33
chr1:38515450	0	13	33
chr1:38515458	0	4	42
chr1:38515464	1	11	34
chr1:38515486	1	8	37
chr1:38522279	0	5	41
chr1:38522599	0	14	32
chr1:38531158	2	14	30
chr1:38531172	2	7	37
chr1:38531236	3	10	33
chr1:38531308	4	13	29
chr1:38531315	1	4	41
chr1:38534363	8	8	29
chr1:38534390	15	10	20
chr1:38534408	12	8	25
chr1:38534549	5	4	36
chr1:38534576	2	7	36
chr1:38540248	4	3	39
chr1:38540713	0	19	25
chr1:38540736	0	12	33
chr1:38544758	0	5	41
chr1:38544795	0	13	33
chr1:38544845	9	25	12
chr1:38544930	1	22	23
chr1:38556224	0	9	37
chr1:38556339	1	17	28
chr1:38556402	0	7	39
chr1:38556409	0	8	38
chr1:38556426	0	9	37
chr1:38556453	5	22	19
chr1:38569364	0	10	36
chr1:38569406	1	15	30
chr1:38569430	0	12	34
chr1:38570032	7	6	28
chr1:38573067	0	6	40
chr1:38573070	11	19	16
chr1:38573129	5	20	21
chr1:38573135	1	3	42
chr1:38573349	0	8	38
chr1:38573401	1	12	33
chr1:38579474	1	14	31
chr1:38579625	1	5	40
chr1:38579688	3	19	24
chr1:38579709	0	12	34
chr1:38579747	0	12	34
chr1:38594543	0	5	41
chr1:38594551	2	18	26
chr1:38594612	2	13	31
chr1:38594616	0	5	41
chr1:38594658	3	11	32
chr1:38602625	2	14	30
chr1:38602877	2	9	35
chr1:38602922	2	7	37
chr1:38602979	0	5	41
chr1:38608771	1	17	28
chr1:38608799	0	11	35
chr1:38608959	1	3	42
chr1:38609551	0	9	37
chr1:38609592	0	7	39
chr1:38610694	1	14	31
chr1:38610703	0	2	44
chr1:38635167	9	25	12
chr1:38635194	0	3	43
chr1:38635206	0	12	34
chr1:38635355	0	2	44
chr1:38635428	0	7	39
chr1:38635498	3	16	27
chr1:38635606	0	8	38
chr1:38668684	1	3	42
chr1:38669005	0	19	26
chr1:38669146	3	11	31
chr1:38674709	0	4	42
chr1:38674829	2	21	23
chr1:38674856	0	6	40
chr1:38674977	0	3	43
chr1:38675144	5	21	20
chr1:38691277	5	20	21
chr1:38707559	11	23	12
chr1:38763067	0	8	38
chr1:38770099	10	24	12
chr1:38803769	0	10	36
chr1:38803795	0	8	38
chr1:38803839	7	19	20
chr1:38803906	2	9	35
chr1:38804054	3	7	36
chr1:38807213	14	16	16
chr1:38808400	10	13	23
chr1:38808402	2	16	28
chr1:38808718	5	17	24
chr1:38817993	0	3	43
chr1:38818009	0	7	39
chr1:38818093	10	17	18
chr1:38818108	1	18	26
chr1:38883391	11	16	19
chr1:38883420	2	9	35
chr1:38883421	3	6	37
chr1:38883449	1	2	43
chr1:38883467	11	15	20
chr1:38902854	0	6	40
chr1:38902945	1	16	29
chr1:38903023	0	9	37
chr1:38954619	1	14	31
chr1:38954698	8	18	20
chr1:38954780	0	5	41
chr1:38954864	0	4	42
chr1:38954923	4	17	25
chr1:38955016	0	16	28
chr1:38967008	0	8	38
chr1:38967135	6	18	22
chr1:38967157	0	3	43
chr1:38967250	10	21	15
chr1:38967277	9	25	12
chr1:38967343	5	23	18
chr1:38967453	0	3	43
chr1:38977966	0	7	39
chr1:38978045	2	14	30
chr1:38978716	1	9	36
chr1:38991644	1	7	37
chr1:38991920	0	5	41
chr1:38991930	1	9	36
chr1:38995882	0	2	44
chr1:39008831	11	13	18
chr1:39008897	0	4	38
chr1:39008909	0	1	41
chr1:39008916	14	13	15
chr1:39009094	0	2	41
chr1:39009129	0	1	42
chr1:39013195	4	11	31
chr1:39013364	4	11	31
chr1:39013416	5	19	22
chr1:39039696	7	21	18
chr1:39039877	0	1	45
chr1:39039930	2	11	33
chr1:39043448	3	14	29
chr1:39058418	0	4	41
chr1:39058473	1	7	38
chr1:39060024	1	6	39
chr1:39061490	4	11	31
chr1:39061536	0	9	37
chr1:39064782	9	27	10
chr1:39064793	7	17	22
chr1:39069437	0	9	37
chr1:39069443	0	3	43
chr1:39069547	0	7	39
chr1:39069645	2	9	35
chr1:39073220	7	21	18
chr1:39073340	6	22	18
chr1:39073441	11	18	17
chr1:39089534	0	10	36
chr1:39089560	0	4	42
chr1:39089647	3	13	30
chr1:39089726	0	8	38
chr1:39089755	0	12	34
chr1:39099634	1	5	40
chr1:39099652	2	16	28
chr1:39110678	8	12	22
chr1:39111895	15	7	17
chr1:39126756	2	8	36
chr1:39127563	3	16	27
chr1:39127616	0	8	38
chr1:39127727	8	22	16
chr1:39133202	3	9	34
chr1:39133231	4	21	21
chr1:39134593	1	14	31
chr1:39134644	0	4	42
chr1:39134651	0	6	40
chr1:39138307	0	2	44
chr1:39138375	2	12	32
chr1:39138584	9	22	15
chr1:39143322	0	8	38
chr1:39143359	6	17	23
chr1:39148000	1	14	30
chr1:39148021	0	8	37
chr1:39158443	11	7	15
chr1:39158452	0	1	32
chr1:39185156	11	20	15
chr1:39185176	0	5	41
chr1:39185305	0	6	40
chr1:39186027	1	9	36
chr1:39186036	1	18	27
chr1:39186117	1	8	37
chr1:39210814	1	15	30
chr1:39210860	0	4	42
chr1:39210958	0	6	40
chr1:39211082	0	5	41
chr1:39211152	0	8	38
chr1:39246469	2	14	30
chr1:39246546	0	5	41
chr1:39247258	1	11	34
chr1:39247311	3	16	27
chr1:39247340	0	11	35
chr1:39254353	5	11	30
chr1:39254813	1	7	38
chr1:39260477	4	17	25
chr1:39260560	0	2	44
chr1:39260736	8	21	17
chr1:39261806	0	11	35
chr1:39261817	0	10	36
chr1:39263503	8	15	18
chr1:39270608	5	18	23
chr1:39270755	3	18	25
chr1:39270772	0	3	43
chr1:39270782	1	6	39
chr1:39270895	1	14	31
chr1:39270920	8	25	13
chr1:39297242	5	12	27
chr1:39297309	5	22	17
chr1:39297324	1	13	30
chr1:39304324	3	13	30
chr1:39304389	1	11	34
chr1:39305995	2	13	31
chr1:39306041	0	1	45
chr1:39306110	0	2	44
chr1:39306249	4	13	29
chr1:39306326	5	15	26
chr1:39327868	0	24	22
chr1:39328006	8	24	14
chr1:39328028	3	18	25
chr1:39328044	1	1	44
chr1:39328145	0	4	42
chr1:39331581	7	19	20
chr1:39331681	0	1	45
chr1:39331705	13	19	14
chr1:39331776	4	18	24
chr1:39331796	2	14	30
chr1:39331848	0	2	44
chr1:39331853	0	3	43
chr1:39331888	2	6	38
